#ObservedComdist
.	all1985	native1985	nonnative1985	all1986	native1986	nonnative1986	all1988	native1988	nonnative1988	all1989	native1989	nonnative1989	all1991	native1991	nonnative1991	all1993	native1993	nonnative1993	all1995	native1995	nonnative1995	all1998	native1998	nonnative1998	all2000	native2000	nonnative2000	all2003	native2003	nonnative2003	all2005	native2005	nonnative2005	all2007	native2007	nonnative2007	all2009	native2009	nonnative2009	all2011	native2011	nonnative2011	all2013	native2013	nonnative2013
all1985	193.312515	200.247284	174.741516	199.766281	209.265167	165.650635	207.289902	211.283508	177.243439	213.093597	220.373062	170.369568	213.010666	218.662292	165.853195	214.397629	219.234406	167.681000	220.771286	226.179077	164.908432	216.252869	220.004456	157.960175	207.431854	216.000885	151.615173	220.482010	230.566177	157.359192	229.913681	232.346542	176.234131	233.105484	235.440094	164.740356	232.486435	233.562210	166.303604	224.868210	225.641953	156.020172	230.833267	231.077789	171.022964
native1985	200.247299	202.091080	195.309631	207.883820	213.448242	187.902740	213.344986	215.552917	196.778656	220.106476	224.995346	191.409805	219.889725	223.744354	187.765961	220.583893	223.827408	189.265533	227.631836	231.541855	187.256882	223.003098	225.668564	181.595581	215.558167	221.442871	177.203445	226.094391	233.570648	179.307068	234.077225	235.856186	194.924652	237.080551	238.836639	185.699677	236.980606	237.773697	188.410843	230.487900	231.046463	180.620880	235.518646	235.716095	187.653259
nonnative1985	174.741516	195.309647	119.660538	178.022003	198.060501	106.056450	191.056747	199.857742	124.923775	194.311630	207.993103	114.018745	194.580109	205.062500	107.168633	197.826843	206.941742	109.873459	202.396454	211.815201	105.055649	198.178391	204.835373	94.659714	185.681290	201.427994	83.086433	205.440765	222.519028	98.579353	218.754440	222.956192	126.179588	222.449432	226.338974	108.608032	220.440887	222.290497	107.096390	209.821167	211.164795	90.134781	218.287231	218.665405	126.484032
all1986	199.766891	207.883896	178.022003	196.591324	203.489471	171.814377	202.249634	205.680664	176.456863	204.087402	209.304108	173.451324	203.440170	207.123825	172.704895	206.050293	209.393875	173.713028	207.174637	210.735214	170.408417	203.847443	206.092529	168.939423	199.558273	204.745224	165.797134	215.585434	222.832581	170.217911	220.006180	221.718964	182.260437	222.247498	224.006668	170.790802	219.273453	220.056168	171.018768	211.039703	211.532074	167.063477	217.844589	218.020203	175.118774
native1986	209.265076	213.448105	198.060577	203.489319	205.857330	194.989258	206.449844	208.072983	194.265106	207.410660	209.595703	194.592499	206.534409	207.774872	196.130692	208.947021	210.225967	196.574890	208.535309	209.955963	193.858871	205.819214	206.470306	195.623581	204.711975	206.121597	195.536240	219.217178	222.880951	196.269867	220.132019	220.938248	202.284531	221.711349	222.685242	193.148926	218.402679	218.809692	193.655075	211.087555	211.274628	194.553864	217.174973	217.277054	192.647110
nonnative1986	165.650864	187.902771	106.056435	171.814331	194.989197	88.586174	187.168152	197.104691	112.503555	192.148148	208.272079	97.527443	192.332657	204.775742	88.572617	195.633438	206.414444	91.609161	202.294968	213.527664	86.192947	196.784622	204.736847	73.108673	181.064575	199.799713	58.998978	202.546875	222.664642	76.658714	219.567780	224.525085	110.348595	224.171829	228.739777	90.497490	222.395309	224.561569	89.724724	210.872589	212.473083	68.337402	220.239929	220.685013	112.170738
all1988	207.291061	213.344971	191.057129	202.250931	206.450073	187.168015	203.264374	205.360046	187.565765	204.399094	207.422165	186.685501	203.123428	204.951523	187.823349	205.729889	207.565781	188.055161	205.276245	207.211258	185.246017	202.295639	203.314697	186.452057	201.042145	203.384735	185.809662	216.085312	220.559814	188.104782	217.630844	218.684814	194.486786	219.083801	220.252686	184.936539	215.608795	216.102905	185.199585	208.149567	208.406601	185.253098	214.572220	214.684433	185.300888
native1988	211.282944	215.552505	199.857574	205.681351	208.072815	197.104553	205.360001	206.610489	195.969131	206.474258	208.262787	196.022781	205.158035	206.070084	197.638123	207.511612	208.529907	197.710968	206.976257	208.107773	195.308929	204.189560	204.635010	197.242142	203.895462	204.859787	197.593948	218.002945	221.118652	198.517410	218.334930	219.039505	202.663528	219.487564	220.346466	194.424774	216.254684	216.609299	194.951187	209.382019	209.527466	196.419128	215.337540	215.437836	192.684433
nonnative1988	177.243347	196.778625	124.923752	176.456924	194.265060	112.503548	187.565918	195.969116	124.420609	188.819199	201.140823	116.513344	187.783096	196.621262	114.083588	192.318085	200.279114	115.497787	192.436905	200.449570	109.631195	188.103622	193.423401	105.379120	179.618881	192.260040	97.254433	201.680984	216.355469	109.856544	212.382385	215.983521	133.040665	216.007736	219.504349	113.633881	210.760117	212.373840	111.923836	198.909058	200.004532	101.345726	208.760925	209.085419	129.822174
all1989	213.093597	220.105881	194.311523	204.087494	207.409302	192.147980	204.399689	206.474213	188.819244	201.158279	203.124252	189.637314	200.066299	200.928665	192.890518	203.907440	205.109619	192.375580	199.408401	200.370361	189.457382	197.892746	198.155151	193.785248	200.205475	201.026352	194.882095	214.719788	217.599518	196.735016	213.003586	213.686508	198.126450	213.248672	214.050446	190.050934	208.839951	209.157654	188.971268	201.544952	201.641785	192.559097	207.871277	207.940887	191.176132
native1989	220.373215	224.995209	207.993088	209.303772	209.596390	208.272079	207.423828	208.262100	201.140778	203.124283	202.885529	204.497055	201.973190	201.090637	209.348572	205.761185	205.483231	208.409714	199.910889	199.323196	205.997513	199.047638	198.183716	212.504776	203.843155	202.017105	215.708862	217.107559	217.418579	215.144913	212.596680	212.637878	211.833664	212.185989	212.409088	205.894592	207.630737	207.677475	204.770477	201.076080	200.955673	211.770462	206.815201	206.829315	203.704361
nonnative1989	170.369370	191.409927	114.018723	173.451202	194.592514	97.527466	186.685501	196.022812	116.513359	189.637405	204.496887	102.435791	188.889389	199.990494	96.318771	193.048523	202.870590	98.280815	196.446564	206.513794	92.391098	191.133484	198.027405	83.932404	178.885941	195.187820	72.663895	200.747925	218.654785	88.698997	215.401321	219.837677	117.687515	219.486755	223.669022	97.069901	215.926620	217.880142	96.254532	204.287994	205.685089	79.817619	214.067551	214.464645	117.653297
all1991	213.011093	219.890289	194.580200	203.440781	206.533798	192.332657	203.122757	205.159027	187.783279	200.066528	201.973770	188.889694	196.011780	196.395477	192.733231	200.725281	201.615906	192.192535	193.547409	194.010040	188.810242	191.636398	191.452560	194.306793	195.323212	195.208389	196.059647	212.024658	214.394226	197.210251	210.711456	211.276367	198.198929	211.853195	212.625412	189.232101	204.821045	205.097717	187.858261	196.904022	196.947739	192.864670	204.242828	204.308914	189.840607
native1991	218.662201	223.743958	205.062546	207.124207	207.774246	204.775635	204.950912	206.070206	196.621292	200.929321	201.090317	199.990784	196.395569	195.302414	205.549667	201.282684	200.942276	204.554947	192.373901	191.506393	201.400269	190.921768	189.749741	209.208038	196.994781	194.561844	212.906555	213.187347	213.382751	211.970764	209.586365	209.616257	209.002426	210.327942	210.633240	201.349609	202.618713	202.663177	199.869110	195.085953	194.938538	208.139694	202.216003	202.226898	199.345184
nonnative1991	165.853043	187.765915	107.168625	172.704803	196.130722	88.572624	187.823334	197.638062	114.083572	192.890274	209.348618	96.318741	192.733292	205.549881	85.863464	196.084274	207.171860	89.113144	203.329498	214.893387	83.816101	197.445190	205.636765	70.047844	181.346893	200.650253	55.581570	202.295517	222.777298	74.124756	220.070908	225.150650	108.114456	224.570999	229.230804	88.183388	223.170227	225.381500	87.702698	212.050964	213.697281	65.487213	221.164520	221.620529	110.584297
all1993	214.398544	220.584045	197.826752	206.050369	208.946991	195.633469	205.730881	207.511169	192.318085	203.907059	205.760895	193.048370	200.725098	201.283432	196.084290	203.541870	204.348801	195.679230	198.689453	199.264542	192.801834	197.351959	197.379028	196.995941	200.023865	200.308121	198.215424	214.700150	217.112183	199.621185	213.509552	214.059631	201.368790	214.634430	215.377319	192.999100	209.754059	210.030060	192.155045	202.967194	203.044296	195.829041	209.240356	209.301132	193.071426
native1993	219.234177	223.826797	206.941788	209.393433	210.226166	206.414322	207.566208	208.529541	200.279327	205.108780	205.483078	202.870804	201.616333	200.942795	207.171829	204.348846	204.130569	206.469421	198.343307	197.821487	203.845322	197.450958	196.665176	209.760468	201.950623	200.337967	212.511230	216.008545	216.617203	212.167603	212.950623	213.051575	210.766373	213.761261	214.111832	203.600082	208.530121	208.617126	202.718811	202.163391	202.093674	208.916626	208.145126	208.174850	201.397247
nonnative1993	167.681061	189.265518	109.873451	173.712875	196.574860	91.609154	188.055099	197.710938	115.497757	192.375885	208.409760	98.280830	192.192551	204.554825	89.113129	195.679321	206.469269	91.561829	201.999924	213.200363	86.246971	196.408966	204.291260	73.827698	181.450027	200.047714	60.285133	202.114182	221.859451	78.558434	218.939163	223.853302	110.680405	223.090607	227.613495	90.710976	221.552582	223.696350	90.221176	210.664169	212.248871	69.550018	219.762405	220.203781	112.739891
all1995	220.770889	227.632034	202.396454	207.174576	208.535309	202.294922	205.275421	206.975449	192.437012	199.409607	199.910797	196.446732	193.546982	192.374039	203.329361	198.689133	198.343948	201.999893	184.807449	183.516296	198.191162	186.002762	184.596008	207.933746	194.388107	191.662231	212.174789	210.861053	210.722504	211.715912	206.137238	206.068237	207.659348	207.019348	207.296875	199.094086	197.374329	197.387909	196.463760	189.578781	189.393723	206.422028	197.066116	197.061172	198.949249
native1995	226.178772	231.541077	211.815323	210.736008	209.956497	213.527588	207.212204	208.107224	200.449585	200.369476	199.323090	206.513794	194.010040	191.506256	214.893478	199.264572	197.821716	213.200424	183.516342	180.993942	209.600403	185.402740	183.085999	221.399933	196.038284	191.237625	227.351944	211.937759	209.842957	225.066452	205.090744	204.529053	217.421555	205.614273	205.464401	210.122177	195.306992	195.107452	207.303482	187.898254	187.533142	220.178329	195.146591	195.094696	207.759201
nonnative1995	164.908356	187.256882	105.055679	170.408447	193.858887	86.192940	185.246109	195.308884	109.631210	189.457443	205.997482	92.391113	188.810043	201.400299	83.816132	192.801865	203.845123	86.246971	198.191223	209.600357	80.273895	192.210464	200.148468	68.761368	177.361572	196.093964	55.309261	199.732788	219.869003	73.728935	217.007080	222.011002	106.758415	221.552368	226.212967	85.116730	218.742188	220.934723	84.429230	206.966553	208.568878	64.243904	216.926453	217.376678	107.898628
all1998	216.252655	223.003113	198.178391	203.847198	205.819366	196.784668	202.295837	204.189621	188.103851	197.892807	199.047867	191.133636	191.636292	190.921722	197.445282	197.351944	197.451538	196.409088	186.002853	185.403137	192.210419	182.965698	181.783401	201.301071	189.832260	187.485748	205.040619	208.609116	209.239365	204.646927	206.000458	206.133621	202.963760	207.762939	208.276382	192.704681	197.247009	197.357452	190.617981	188.551270	188.429031	199.667969	197.259094	197.277451	192.330734
native1998	220.004623	225.668701	204.835388	206.092407	206.469742	204.736801	203.314514	204.634491	193.423721	198.155426	198.183441	198.027405	191.452560	189.749557	205.636627	197.378891	196.665878	204.291290	184.596161	183.086227	200.148514	181.783203	179.901047	211.052994	190.395218	186.436707	216.177765	209.023132	208.173340	214.358459	204.870499	204.633926	209.994583	206.424011	206.632370	200.417480	195.196152	195.152634	198.198517	186.652985	186.400803	209.644531	195.343765	195.331726	198.404266
nonnative1998	157.960327	181.595505	94.659721	168.939453	195.623627	73.108673	186.452133	197.242020	105.379128	193.785187	212.504852	83.932381	194.306854	209.207993	70.047844	196.995972	209.760437	73.827698	207.933655	221.399948	68.761345	201.301117	211.053101	49.641605	181.007278	203.900665	31.840940	202.102341	225.831299	53.621883	223.565552	229.462646	93.628441	228.631638	233.958145	72.750854	229.127731	231.681900	72.731834	218.091843	220.040390	44.514725	227.169403	227.702393	97.869827
all2000	207.431870	215.558380	185.681320	199.558426	204.712112	181.064590	201.042389	203.895447	179.618805	200.205383	203.843216	178.885880	195.322845	196.995468	181.347031	200.023453	201.950912	181.449844	194.387802	196.038239	177.361588	189.832489	190.394424	181.007294	190.392929	191.824066	181.008301	209.995071	214.232956	183.507172	212.077835	213.099396	189.392090	214.695969	215.961441	177.803329	206.289597	206.776016	176.695114	197.249008	197.455597	178.972107	205.893585	205.996429	180.132736
native2000	216.000992	221.442749	201.427902	204.745575	206.120758	199.799744	203.384262	204.859421	192.260071	201.025574	202.016205	195.187759	195.208969	194.562149	200.650223	200.308594	200.338821	200.047623	191.662689	191.237518	196.093918	187.485107	186.436432	203.900665	191.824081	189.479691	207.143646	211.198578	212.000626	206.218597	209.808716	209.983063	206.007370	211.976013	212.527786	195.893295	201.968964	202.087326	194.599411	193.245804	193.136124	202.422409	201.841492	201.867630	194.247330
nonnative2000	151.615265	177.203384	83.086411	165.797104	195.536163	58.998978	185.809540	197.593826	97.254425	194.882126	215.708832	72.663857	196.059753	212.906387	55.581573	198.215408	212.511230	60.285137	212.174652	227.351868	55.309261	205.040497	216.177765	31.840940	181.008347	207.143600	10.725344	202.165024	228.794205	35.532787	226.806198	233.419556	81.132599	232.467484	238.361435	59.936554	234.463837	237.310760	60.041702	223.373550	225.588211	26.177212	232.338226	232.932755	88.166756
all2003	220.482574	226.094177	205.440781	215.585220	219.217834	202.546844	216.085327	218.001846	201.680832	214.719482	217.107452	200.747879	212.023895	213.187134	202.295181	214.700729	216.009171	202.114105	210.861252	211.937790	199.732941	208.609253	209.023132	202.102325	209.994156	211.198639	202.164932	220.414780	223.065460	203.810669	220.968369	221.615158	206.756943	222.278473	223.027954	200.237198	217.871872	218.173386	199.336716	212.529022	212.661880	200.878250	217.717850	217.784088	202.124664
native2003	230.566574	233.571259	222.518982	222.832382	222.881409	222.664703	220.560150	221.118576	216.355606	217.599976	217.418198	218.654770	214.395126	213.382889	222.777512	217.111740	216.617386	221.859512	210.722351	209.842285	219.869034	209.238663	208.172867	225.831238	214.232971	212.001160	228.794220	223.065353	222.274261	227.979095	220.133545	219.930038	224.609406	220.738846	220.767624	219.928940	215.515518	215.457153	218.836075	211.149643	210.988632	225.263794	215.712311	215.702545	218.295639
nonnative2003	157.359177	179.307114	98.579338	170.217896	196.269974	76.658691	188.104828	198.517517	109.856506	196.735077	215.144821	88.698997	197.210327	211.970688	74.124741	199.621185	212.167557	78.558418	211.715912	225.066467	73.728951	204.646957	214.358536	53.621876	183.507156	206.218536	35.532791	203.810745	227.978973	52.576321	226.220413	232.174393	95.043289	231.894608	237.186615	77.012596	232.635406	235.171249	77.320511	221.178543	223.119980	48.284008	230.252335	230.785110	100.934990
all2005	229.913193	234.077118	218.754379	220.006302	220.132477	219.567856	217.630646	218.334106	212.382141	213.003082	212.596405	215.401428	210.711761	209.585632	220.070923	213.509415	212.950500	218.939255	206.137146	205.090057	217.007095	206.000626	204.870605	223.565674	212.077057	209.808899	226.806259	220.968643	220.133026	226.220657	215.427673	215.152863	221.369736	215.455750	215.395355	217.401047	211.162781	211.087234	215.709534	206.604080	206.421906	222.876648	210.928757	210.900467	216.153381
native2005	232.346375	235.856400	222.956268	221.718628	220.938766	224.525055	218.685196	219.039291	215.983612	213.687363	212.638733	219.837738	211.276962	209.616409	225.150848	214.059174	213.052231	223.853302	206.069153	204.528381	222.010971	206.133316	204.634583	229.462601	213.099014	209.983658	233.419434	221.614487	219.929993	232.174377	215.152771	214.670074	225.837448	215.043350	214.796265	222.287384	210.573288	210.409958	220.566528	206.254837	205.999878	228.936646	210.419312	210.376633	220.172852
nonnative2005	176.234451	194.924591	126.179604	182.260391	202.284561	110.348595	194.486801	202.663651	133.040649	198.126358	211.833557	117.687500	198.198807	209.002411	108.114433	201.368744	210.766403	110.680412	207.659302	217.421509	106.758415	202.963821	209.994629	93.628433	189.392059	206.007416	81.132607	206.756927	224.609390	95.043282	221.369644	225.837524	122.952621	224.686172	228.612595	109.744385	224.141434	226.025284	108.713516	214.325668	215.729263	89.362549	222.167236	222.557129	127.581848
all2007	233.104950	237.080933	222.449524	222.247269	221.711761	224.171875	219.082748	219.487152	216.007614	213.248596	212.185791	219.486649	211.852173	210.328384	224.570984	214.635040	213.760483	223.090652	207.019836	205.614197	221.552353	207.762787	206.424316	228.631668	214.694824	211.975647	232.467484	222.278717	220.738983	231.894501	215.455490	215.042862	224.686020	214.123108	213.850250	222.003113	210.828674	210.681198	220.217194	206.937271	206.704727	228.244827	210.618866	210.573151	220.115219
native2007	235.439407	238.837082	226.338913	224.006073	222.685562	228.739624	220.253036	220.346237	219.504562	214.050415	212.409012	223.669006	212.625229	210.633286	229.230804	215.377533	214.112228	227.613403	207.296600	205.464401	226.213058	208.276520	206.631622	233.958160	215.960999	212.527664	238.361359	223.026901	220.767242	237.186600	215.395828	214.795319	228.612595	213.850052	213.419128	226.584946	210.539810	210.305450	224.740753	206.919510	206.621460	233.710815	210.384018	210.325882	223.929764
nonnative2007	164.740433	185.699707	108.608025	170.790939	193.148880	90.497475	184.936417	194.424728	113.633858	190.050873	205.894592	97.069908	189.232086	201.349594	88.183403	192.999084	203.600159	90.710960	199.093994	210.122208	85.116737	192.704681	200.417465	72.750862	177.803360	195.893311	59.936554	200.237259	219.928986	77.012581	217.400986	222.287430	109.744385	222.003036	226.584930	87.890045	219.328003	221.475372	87.807556	207.547180	209.111389	68.250099	217.473999	217.923401	108.465942
all2009	232.486771	236.980927	220.441010	219.273575	218.402771	222.395370	215.608017	216.254562	210.759979	208.839127	207.630585	215.926712	204.821426	202.619019	223.170120	209.753387	208.529922	221.552521	197.374695	195.307297	218.742294	197.247040	195.196106	229.127777	206.289993	201.968872	234.463852	217.871689	215.515808	232.635391	211.162369	210.573303	224.141357	210.828110	210.539734	219.328003	201.879639	201.633759	216.672043	195.796204	195.428223	228.175491	201.696655	201.626068	217.323608
native2009	233.561920	237.773087	222.290527	220.055710	218.809601	224.561600	216.102921	216.609177	212.373703	209.156647	207.677551	217.880096	205.097794	202.663681	225.381516	210.030319	208.616516	223.696350	197.387512	195.107025	220.934769	197.357605	195.153152	231.681915	206.776001	202.086746	237.310791	218.172958	215.457214	235.171173	211.087814	210.409363	226.025314	210.681671	210.305374	221.475403	201.633774	201.353775	218.812592	195.651321	195.252716	230.802811	201.481903	201.411530	219.116318
nonnative2009	166.303604	188.410843	107.096390	171.018723	193.655136	89.724731	185.199585	194.951157	111.923820	188.971161	204.770538	96.254539	187.858170	199.869080	87.702690	192.155029	202.718796	90.221176	196.463837	207.303589	84.429222	190.617905	198.198532	72.731827	176.695175	194.599426	60.041706	199.336746	218.836090	77.320526	215.709488	220.566528	108.713509	220.217178	224.740753	87.807564	216.672012	218.812531	85.553848	204.793304	206.337814	67.247269	214.884827	215.327560	107.492851
all2011	224.868439	230.487381	209.821243	211.040100	211.087875	210.872711	208.149780	209.382233	198.908997	201.545990	201.075531	204.287994	196.904175	195.087250	212.051132	202.967239	202.162918	210.664185	189.578354	187.897903	206.966583	188.551331	186.653702	218.091904	197.249512	193.245773	223.373596	212.528076	211.149475	221.178497	206.604385	206.255341	214.325699	206.937057	206.919342	207.547180	195.796204	195.651031	204.793259	186.631912	186.290054	216.679642	194.319534	194.269470	206.087784
native2011	225.641937	231.046448	211.164703	211.532196	211.274750	212.473129	208.407700	209.527313	200.004486	201.641876	200.955643	205.685059	196.947800	194.938614	213.697357	203.045044	202.093933	212.248764	189.394028	187.533127	208.568878	188.428955	186.400681	220.040451	197.455597	193.136353	225.588150	212.662643	210.988617	223.120041	206.422134	206.000046	215.729172	206.704514	206.621307	209.111389	195.427902	195.253189	206.337799	186.290054	185.932709	218.678818	193.959106	193.911087	207.353226
nonnative2011	156.020203	180.620880	90.134789	167.063507	194.553879	68.337410	185.253082	196.419128	101.345718	192.559021	211.770416	79.817619	192.864624	208.139740	65.487206	195.829041	208.916626	69.550018	206.422058	220.178223	64.243896	199.667999	209.644501	44.514721	178.972122	202.422424	26.177210	200.878296	225.263794	48.284012	222.876633	228.936630	89.362541	228.244843	233.710785	68.250099	228.175568	230.802795	67.247261	216.679642	218.678772	38.633652	226.159500	226.706894	93.376190
all2013	230.833344	235.518677	218.287170	217.843750	217.174316	220.239868	214.572372	215.337906	208.760910	207.871704	206.815918	214.067444	204.242874	202.215439	221.164566	209.240448	208.145050	219.762497	197.066315	195.146362	216.926498	197.259079	195.343323	227.169464	205.892471	201.841705	232.338211	217.718109	215.712341	230.252304	210.928482	210.419113	222.167160	210.619354	210.384033	217.473907	201.696640	201.481735	214.884796	194.319443	193.958954	226.159500	200.126602	200.059753	215.628403
native2013	231.077362	235.715973	218.665497	218.020386	217.276932	220.684967	214.683456	215.437912	209.085526	207.940170	206.829330	214.464615	204.308395	202.226822	221.620682	209.301498	208.174408	220.203812	197.060791	195.094299	217.376617	197.277985	195.331009	227.702301	205.996536	201.866684	232.932724	217.784851	215.703064	230.785217	210.900131	210.376251	222.557144	210.574478	210.325485	217.923355	201.626114	201.412064	215.327515	194.269104	193.910614	226.706940	200.059723	199.992905	216.036606
nonnative2013	171.022934	187.653427	126.484024	175.118774	192.647049	112.170715	185.300949	192.684402	129.822189	191.175964	203.704208	117.653305	189.840485	199.345184	110.584282	193.071411	201.397202	112.739899	198.949265	207.758820	107.898651	192.330841	198.404282	97.869820	180.132492	194.247498	88.166756	202.124496	218.295532	100.934975	216.153214	220.172806	127.581863	220.115265	223.929733	108.465942	217.323792	219.116516	107.492844	206.087708	207.353333	93.376190	215.628403	216.036743	116.630211

#RandomMeanComdist
.	all1985	native1985	nonnative1985	all1986	native1986	nonnative1986	all1988	native1988	nonnative1988	all1989	native1989	nonnative1989	all1991	native1991	nonnative1991	all1993	native1993	nonnative1993	all1995	native1995	nonnative1995	all1998	native1998	nonnative1998	all2000	native2000	nonnative2000	all2003	native2003	nonnative2003	all2005	native2005	nonnative2005	all2007	native2007	nonnative2007	all2009	native2009	nonnative2009	all2011	native2011	nonnative2011	all2013	native2013	nonnative2013
all1985	252.484161	265.867767	268.140594	265.222412	266.608948	266.065979	266.871674	266.222595	266.680054	266.654144	265.402283	268.610077	266.028748	265.733704	264.451019	265.609039	266.253510	265.117828	266.562988	265.653809	269.306213	266.389008	266.510040	264.101898	265.820526	265.274536	267.997986	266.851501	266.718262	266.326477	265.892700	265.886688	266.277100	266.261597	265.722015	265.380219	267.540680	266.444489	263.445679	264.817871	265.634003	264.780945	266.868317	265.798950	264.205841
native1985	265.867767	254.699936	267.308990	264.587952	266.026367	265.743622	266.450745	265.704803	266.019775	266.343597	265.106415	267.974823	265.665161	265.386658	264.405670	265.176758	265.953003	265.496643	266.268677	265.174957	268.257721	265.771606	265.777374	263.841919	265.612823	264.928101	267.777466	266.373383	266.105316	266.096527	265.442719	265.454803	265.630066	265.796265	265.303986	264.090363	267.099304	265.764648	262.652802	264.700928	265.625580	264.175415	266.834167	265.287659	263.344910
nonnative1985	268.140594	267.308990	149.724869	266.633270	266.878571	267.361542	268.430115	267.089081	268.846832	268.123169	266.933319	271.966309	267.611023	267.975464	266.136475	266.901672	267.820129	266.616577	268.007538	266.466797	271.201416	267.857880	267.316467	266.700165	267.312622	267.000000	270.606232	267.940491	268.243042	266.722046	267.109589	267.338318	267.991394	267.783051	267.075867	267.192047	268.775330	267.861145	263.171448	266.977844	267.401703	267.081818	268.514832	267.864594	265.040192
all1986	265.222412	264.587952	266.633270	251.488647	264.708466	264.898712	265.221649	264.690369	264.703888	265.306854	264.118195	267.042297	264.568939	264.316284	263.377899	264.158600	264.758545	264.278229	265.165222	264.158173	266.936920	264.647888	264.772186	262.703979	264.401489	263.456085	266.156616	265.327515	265.181213	266.103851	264.486084	264.243195	264.926544	264.553986	264.166138	263.102509	265.753662	264.827454	261.095428	263.397278	264.203979	263.987305	265.407257	264.135864	262.592438
native1986	266.608948	266.026367	266.878571	264.708435	255.187027	265.291931	266.450562	265.913696	266.279541	266.582794	265.372223	268.239532	265.567993	265.697815	264.820892	265.361786	266.205109	265.837372	266.364838	265.564941	268.786102	265.989349	265.776337	264.026154	265.556488	264.641083	267.619507	266.651093	266.502319	265.639801	265.474213	265.477966	266.590851	266.040527	265.320465	264.820038	267.099609	266.077881	262.564880	264.591461	265.416168	265.175140	266.668060	265.176788	263.521210
nonnative1986	266.065979	265.743622	267.361542	264.898712	265.291931	138.736725	266.134003	265.052124	266.220245	266.330383	264.828888	268.864197	265.629089	265.489685	265.993225	265.357788	265.873779	264.558563	266.977814	264.957886	267.990784	265.286224	265.714569	263.340088	265.817017	264.907013	266.247833	266.126587	266.475891	266.120056	265.443878	265.134399	265.185669	265.326233	265.133484	265.026642	266.381897	266.238342	265.237427	264.584473	265.363678	263.150574	266.235168	264.593170	264.282074
all1988	266.871674	266.450745	268.430115	265.221649	266.450562	266.134003	258.486603	266.035400	266.426605	266.668915	265.696686	268.077484	266.011597	265.874329	265.026031	265.754700	266.347168	265.381348	266.786194	265.907959	268.285950	266.259430	266.184967	264.023926	265.837067	265.212128	267.779022	266.924011	266.794464	266.651337	265.879181	265.919891	266.550354	266.161407	265.553375	264.480347	267.476471	266.459534	263.199158	265.298492	265.953033	265.522522	267.027588	265.818481	264.272034
native1988	266.222595	265.704834	267.089081	264.690369	265.913727	265.052124	266.035400	255.651550	265.622223	265.937836	264.893860	267.701508	265.468903	265.356964	264.545441	265.134460	265.688995	265.269226	266.165283	265.343475	267.891510	265.755188	265.801575	262.895508	265.221588	264.598602	267.136841	266.296295	266.165955	265.897980	265.227966	265.373901	265.592987	265.531311	264.819733	264.120819	266.839111	265.758728	262.127441	264.348602	265.173462	264.524078	266.520874	265.005432	263.238403
nonnative1988	266.680054	266.019775	268.846832	264.703888	266.279541	266.220276	266.426605	265.622192	199.532501	266.403534	265.323730	270.398895	265.797394	265.210052	264.234314	265.639679	266.712006	266.631653	266.221405	265.863861	267.719910	266.302002	265.928192	262.583160	265.877045	264.688507	269.247406	266.614136	266.210144	266.310425	265.669037	265.251373	267.678009	265.616180	265.500946	265.623535	267.446564	265.601746	262.585052	264.477966	265.714539	265.144501	266.770508	265.773865	263.991974
all1989	266.654144	266.343597	268.123169	265.306854	266.582794	266.330383	266.668915	265.937836	266.403534	257.677673	265.108582	268.902924	265.862366	265.774475	264.891296	265.484894	266.344330	265.745422	266.352509	265.761597	268.899048	266.215668	266.093719	263.734680	265.876190	264.814331	267.737274	266.887360	266.505310	265.807770	265.718323	265.839233	266.372406	266.175323	265.543762	264.456451	267.394958	266.423859	263.254791	264.827850	265.739258	265.589600	267.064240	265.627533	263.912292
native1989	265.402283	265.106415	266.933319	264.118195	265.372223	264.828888	265.696686	264.893860	265.323730	265.108582	254.861282	266.424225	264.651611	264.650970	263.605286	264.323395	264.963226	264.742401	265.592529	264.718445	267.817413	265.167511	265.041321	262.936829	264.840851	263.988617	267.331055	265.610321	265.400848	265.068237	264.589813	264.623993	264.933014	264.953400	264.467407	263.580048	266.225708	265.197937	262.398224	263.881531	264.699707	263.005585	265.561615	264.382477	262.752289
nonnative1989	268.610046	267.974823	271.966309	267.042297	268.239532	268.864197	268.077515	267.701508	270.398895	268.902924	266.424225	160.358597	268.287262	267.516083	265.805023	267.683960	267.843201	268.870850	268.793335	268.012299	271.449799	268.096802	268.216003	264.693848	268.225525	267.145569	271.138733	268.745361	268.710419	268.316315	267.684540	267.588226	267.767853	267.736420	267.094055	266.648163	269.428833	268.554138	264.561432	266.197449	266.669830	266.758820	268.152344	267.350586	263.288910
all1991	266.028748	265.665161	267.611023	264.568939	265.567993	265.629089	266.011597	265.468903	265.797394	265.862366	264.651611	268.287262	257.180817	264.638428	264.436554	264.918274	265.523163	265.468567	265.767883	264.815796	267.893555	265.490387	265.505157	263.761993	264.976654	264.234894	267.910004	266.156281	266.051971	265.805511	265.112091	264.951233	266.345520	265.425018	264.954712	264.268402	266.651489	265.590607	263.108429	264.214996	265.019684	264.345154	266.148376	264.929535	263.298798
native1991	265.733704	265.386658	267.975464	264.316284	265.697815	265.489685	265.874329	265.356995	265.210052	265.774475	264.650970	267.516052	264.638428	256.360596	263.960571	264.535370	265.281738	264.998596	265.627655	265.096558	268.070984	265.312622	265.359772	262.979187	265.083771	263.957184	267.714783	265.800873	265.618774	265.534698	264.896790	264.862305	265.070068	265.129150	264.658569	263.942291	266.598877	265.393677	262.212677	264.097229	264.779449	264.018433	266.152435	264.734894	263.120178
nonnative1991	264.451019	264.405670	266.136505	263.377899	264.820892	265.993195	265.026031	264.545441	264.234314	264.891296	263.605286	265.805023	264.436554	263.960571	133.267502	263.543304	264.726013	265.402161	264.716858	262.975189	266.645142	264.664886	264.671204	261.529572	264.628357	263.742126	264.833618	264.818054	264.921631	263.436646	263.898163	264.324310	263.606110	263.898438	263.693237	264.069916	265.747040	264.678711	260.984497	263.929260	263.377472	264.884277	265.113983	264.221497	262.990387
all1993	265.609039	265.176758	266.901672	264.158600	265.361786	265.357788	265.754700	265.134460	265.639679	265.484894	264.323395	267.683960	264.918274	264.535370	263.543335	253.240875	264.719635	264.358826	265.415283	264.616425	268.414398	265.099213	265.267395	262.558807	264.675964	263.746490	266.165924	265.892639	265.612518	265.360229	264.749451	264.753082	265.566071	265.223053	264.583344	263.881683	266.349884	265.385040	261.694061	263.901184	264.610504	264.551788	265.832764	264.445160	262.775574
native1993	266.253510	265.953003	267.820129	264.758545	266.205109	265.873779	266.347168	265.688995	266.712006	266.344330	264.963226	267.843201	265.523163	265.281738	264.726044	264.719635	253.105179	264.802643	266.064453	265.283997	268.057678	265.912109	265.962311	263.957062	265.538391	264.569916	267.414978	266.444031	266.192963	266.536957	265.356781	265.292999	266.230743	265.789490	265.133514	264.766205	267.116577	265.811279	262.603088	264.214905	265.387482	265.103699	266.575012	265.196472	263.997711
nonnative1993	265.117828	265.496643	266.616577	264.278229	265.837372	264.558563	265.381348	265.269196	266.631653	265.745422	264.742401	268.870850	265.468567	264.998566	265.402161	264.358826	264.802643	142.913055	264.883911	265.620209	266.723083	265.461243	265.470795	263.377380	264.308868	264.095703	267.776093	266.090271	265.769928	265.687134	265.274902	265.297028	266.876831	265.199829	264.972565	265.760559	266.973450	266.018036	261.565796	264.549133	265.224976	266.680725	266.485168	264.412659	262.576721
all1995	266.562988	266.268677	268.007538	265.165222	266.364838	266.977814	266.786194	266.165283	266.221405	266.352509	265.592529	268.793335	265.767914	265.627655	264.716858	265.415283	266.064453	264.883911	250.272614	265.362915	268.237915	266.126801	266.180023	263.706512	265.825287	264.730988	268.157867	266.763092	266.540253	266.137024	265.566071	265.744202	266.427216	265.886353	265.512634	264.808533	267.436127	266.247131	263.088165	265.119873	265.591675	264.925323	266.819519	265.532135	264.101532
native1995	265.653809	265.174957	266.466797	264.158173	265.564972	264.957886	265.907990	265.343475	265.863861	265.761597	264.718445	268.012299	264.815796	265.096527	262.975189	264.616425	265.283997	265.620209	265.362915	246.764084	267.209229	265.235352	265.244904	262.749603	264.987427	264.097992	266.910248	265.765564	265.675812	266.143616	264.743683	264.696136	265.346283	265.461090	264.593506	264.249146	266.517426	265.478058	263.314301	263.740753	264.666718	263.771454	266.016327	264.823242	262.476440
nonnative1995	269.306213	268.257721	271.201447	266.936920	268.786102	267.990784	268.285950	267.891510	267.719910	268.899048	267.817413	271.449799	267.893524	268.070984	266.645111	268.414398	268.057678	266.723083	268.237915	267.209229	138.976166	268.410645	268.088745	265.240753	268.000580	266.882355	268.239136	268.155792	269.277374	269.675110	267.734863	267.313965	268.531952	268.171143	267.815033	268.309906	269.416962	268.241608	265.714508	267.244202	267.991058	267.881195	268.663757	268.222351	265.868622
all1998	266.389008	265.771606	267.857880	264.647888	265.989349	265.286194	266.259430	265.755188	266.301971	266.215668	265.167511	268.096802	265.490387	265.312622	264.664886	265.099213	265.912109	265.461243	266.126801	265.235352	268.410645	256.106873	265.229309	263.517090	265.549103	264.567017	267.761322	266.249695	266.149170	266.251465	265.435028	265.135284	266.052155	265.743225	265.029266	264.210510	266.950134	265.952118	263.210419	264.361145	265.204956	264.294342	266.501709	265.134888	263.211578
native1998	266.510040	265.777374	267.316467	264.772186	265.776337	265.714569	266.184967	265.801575	265.928192	266.093719	265.041321	268.216034	265.505157	265.359772	264.671204	265.267395	265.962311	265.470795	266.180023	265.244904	268.088745	265.229309	255.340149	263.091187	265.052460	264.626190	267.453064	266.402191	266.246582	265.792358	265.481995	265.287781	266.062683	265.690857	265.096375	264.169067	267.083801	265.718262	262.934967	264.344879	265.338165	265.538940	266.445862	265.229523	263.629333
nonnative1998	264.101898	263.841949	266.700165	262.703979	264.026154	263.340088	264.023926	262.895508	262.583160	263.734680	262.936829	264.693848	263.762024	262.979187	261.529602	262.558807	263.957031	263.377411	263.706512	262.749603	265.240753	263.517090	263.091156	86.782013	263.470276	262.460785	264.527557	264.437256	263.712067	265.601379	263.037048	263.000275	263.780487	263.276489	263.142761	262.062500	264.479950	263.083435	260.476532	260.955597	263.322418	262.733398	263.708038	263.054718	262.180695
all2000	265.820526	265.612823	267.312622	264.401489	265.556488	265.817017	265.837067	265.221588	265.877045	265.876190	264.840851	268.225525	264.976654	265.083771	264.628357	264.675964	265.538391	264.308868	265.825287	264.987427	268.000580	265.549103	265.052460	263.470276	252.233276	263.817413	267.193420	266.085297	265.817841	265.419739	265.061859	265.002747	265.472595	265.400391	264.696106	263.706299	266.609589	265.427246	263.119720	264.217468	264.831482	264.411987	266.020813	264.890900	263.249939
native2000	265.274567	264.928101	267.000000	263.456085	264.641083	264.907013	265.212128	264.598602	264.688507	264.814331	263.988617	267.145569	264.234894	263.957184	263.742126	263.746460	264.569916	264.095703	264.730988	264.097992	266.882324	264.567017	264.626190	262.460815	263.817413	250.943130	265.772217	264.915833	264.963959	264.732697	264.120941	263.980377	265.137939	264.645782	263.945740	263.223083	265.820343	264.685272	261.798340	263.050018	264.278015	263.679260	265.464203	263.966766	261.810394
nonnative2000	267.997986	267.777496	270.606201	266.156616	267.619507	266.247833	267.779022	267.136841	269.247406	267.737274	267.331055	271.138733	267.910034	267.714783	264.833618	266.165924	267.414948	267.776062	268.157867	266.910248	268.239136	267.761322	267.453064	264.527527	267.193420	265.772217	52.788116	268.901489	268.125824	268.257507	268.177429	268.061676	268.646454	267.600952	266.559601	263.785095	268.411041	268.354462	264.889801	265.144012	268.272888	267.528320	268.504822	266.397614	266.703491
all2003	266.851501	266.373383	267.940491	265.327515	266.651093	266.126587	266.924011	266.296295	266.614136	266.887360	265.610321	268.745361	266.156281	265.800873	264.818054	265.892639	266.444031	266.090271	266.763092	265.765564	268.155792	266.249695	266.402191	264.437286	266.085297	264.915833	268.901489	256.889404	266.294861	265.608063	265.979889	265.971619	267.084839	266.248047	265.507507	264.476349	267.587891	266.383728	263.341827	265.208862	265.718628	265.655457	266.833771	265.974792	263.921356
native2003	266.718262	266.105316	268.243042	265.181244	266.502319	266.475922	266.794464	266.165955	266.210144	266.505310	265.400848	268.710449	266.051971	265.618774	264.921631	265.612518	266.192963	265.769928	266.540253	265.675812	269.277374	266.149170	266.246582	263.712067	265.817841	264.963989	268.125824	266.294861	257.420441	266.729767	265.361053	265.600006	266.330505	266.151276	265.539917	264.705597	267.496460	266.335754	263.693359	264.920898	265.616577	265.628143	267.013855	265.647552	264.037415
nonnative2003	266.326477	266.096527	266.722046	266.103851	265.639801	266.120056	266.651337	265.897980	266.310425	265.807770	265.068268	268.316315	265.805511	265.534698	263.436646	265.360229	266.536957	265.687134	266.137024	266.143616	269.675110	266.251465	265.792358	265.601379	265.419739	264.732697	268.257507	265.608063	266.729767	94.246445	265.120026	265.916107	266.608978	266.068298	264.858246	265.509705	266.583374	265.927765	261.381836	264.947327	265.806641	263.244110	267.129730	264.763031	262.493286
all2005	265.892670	265.442749	267.109619	264.486084	265.474213	265.443878	265.879181	265.227966	265.669037	265.718323	264.589813	267.684540	265.112091	264.896790	263.898163	264.749451	265.356781	265.274933	265.566071	264.743683	267.734863	265.435028	265.481995	263.037048	265.061859	264.120941	268.177429	265.979889	265.361053	265.120026	256.100769	264.638245	265.357086	265.356720	264.750305	264.252197	266.555023	265.361053	262.547638	264.159546	264.820923	264.526794	266.070007	264.751923	262.762299
native2005	265.886688	265.454803	267.338318	264.243195	265.477966	265.134430	265.919891	265.373901	265.251343	265.839233	264.623993	267.588226	264.951233	264.862305	264.324310	264.753082	265.292999	265.297028	265.744202	264.696136	267.313995	265.135284	265.287781	263.000275	265.002747	263.980408	268.061676	265.971619	265.600006	265.916107	264.638214	255.245590	265.591583	265.057068	264.647003	263.915344	266.642731	265.408081	262.535828	263.843536	264.779663	264.288605	265.818329	264.707092	262.807373
nonnative2005	266.277100	265.630066	267.991394	264.926544	266.590851	265.185608	266.550354	265.592987	267.678009	266.372406	264.933014	267.767853	266.345520	265.070068	263.606110	265.566071	266.230743	266.876831	266.427216	265.346283	268.531952	266.052155	266.062683	263.780457	265.472595	265.137939	268.646454	267.084839	266.330505	266.608978	265.357086	265.591583	145.845978	266.261353	265.133972	263.790039	267.305298	266.219757	263.383270	265.150909	265.465240	261.937958	266.521088	265.662262	264.154755
all2007	266.261597	265.796265	267.783051	264.553986	266.040527	265.326233	266.161407	265.531311	265.616180	266.175323	264.953400	267.736420	265.425018	265.129150	263.898438	265.223053	265.789490	265.199829	265.886353	265.461090	268.171143	265.743225	265.690857	263.276489	265.400391	264.645782	267.600952	266.248047	266.151276	266.068298	265.356720	265.057068	266.261353	257.311096	264.686157	264.550873	266.842529	265.631561	262.979004	264.191376	265.196228	265.033264	266.485474	265.315247	263.719452
native2007	265.722015	265.303986	267.075867	264.166138	265.320465	265.133484	265.553375	264.819733	265.500946	265.543762	264.467407	267.094055	264.954712	264.658569	263.693237	264.583344	265.133514	264.972565	265.512634	264.593506	267.815033	265.029266	265.096405	263.142761	264.696106	263.945740	266.559601	265.507507	265.539917	264.858246	264.750305	264.647003	265.133972	264.686157	255.576370	263.513306	265.955719	265.109985	261.826233	263.727112	264.585907	264.366974	265.834930	264.588104	262.882996
nonnative2007	265.380219	264.090363	267.192047	263.102509	264.820038	265.026642	264.480347	264.120819	265.623535	264.456451	263.580048	266.648163	264.268402	263.942291	264.069916	263.881683	264.766205	265.760559	264.808502	264.249146	268.309906	264.210510	264.169098	262.062500	263.706299	263.223083	263.785095	264.476349	264.705597	265.509735	264.252167	263.915344	263.790039	264.550873	263.513306	129.703278	265.565491	264.336334	262.368530	263.132965	264.070496	264.868164	265.491821	263.386841	261.237457
all2009	267.540710	267.099304	268.775330	265.753662	267.099579	266.381897	267.476471	266.839111	267.446564	267.394958	266.225708	269.428864	266.651489	266.598877	265.747040	266.349884	267.116577	266.973450	267.436127	266.517426	269.416962	266.950134	267.083801	264.479950	266.609589	265.820343	268.411041	267.587891	267.496460	266.583374	266.555023	266.642731	267.305298	266.842529	265.955719	265.565491	258.102051	266.625214	264.361176	265.753174	266.549683	265.978088	267.425140	266.325165	264.868378
native2009	266.444489	265.764648	267.861145	264.827454	266.077881	266.238342	266.459534	265.758728	265.601746	266.423859	265.197937	268.554138	265.590607	265.393677	264.678711	265.385071	265.811279	266.018036	266.247131	265.478058	268.241608	265.952087	265.718262	263.083435	265.427246	264.685272	268.354462	266.383728	266.335754	265.927734	265.361053	265.408142	266.219757	265.631561	265.109985	264.336334	266.625214	255.691345	263.251984	264.170868	265.426758	264.612396	266.503082	265.231842	263.864258
nonnative2009	263.445679	262.652802	263.171478	261.095428	262.564880	265.237457	263.199158	262.127441	262.585052	263.254791	262.398224	264.561462	263.108429	262.212677	260.984497	261.694092	262.603088	261.565796	263.088165	263.314301	265.714508	263.210419	262.934967	260.476562	263.119720	261.798340	264.889801	263.341827	263.693329	261.381805	262.547638	262.535828	263.383301	262.979004	261.826233	262.368530	264.361176	263.251984	106.364449	262.018921	261.952057	261.879761	263.800995	262.468567	261.376007
all2011	264.817871	264.700928	266.977844	263.397278	264.591461	264.584473	265.298492	264.348602	264.477966	264.827850	263.881531	266.197479	264.214996	264.097229	263.929260	263.901184	264.214905	264.549133	265.119873	263.740753	267.244171	264.361115	264.344879	260.955597	264.217468	263.050018	265.144012	265.208862	264.920898	264.947327	264.159546	263.843536	265.150909	264.191376	263.727112	263.132965	265.753174	264.170868	262.018921	244.477386	263.484558	264.178162	264.896423	263.721436	261.731445
native2011	265.634003	265.625580	267.401703	264.203979	265.416168	265.363678	265.953033	265.173462	265.714539	265.739258	264.699707	266.669830	265.019684	264.779449	263.377472	264.610504	265.387482	265.224976	265.591675	264.666718	267.991058	265.204956	265.338165	263.322418	264.831482	264.278015	268.272888	265.718628	265.616577	265.806641	264.820953	264.779663	265.465240	265.196228	264.585907	264.070496	266.549683	265.426758	261.952057	263.484558	245.422089	264.754578	265.633789	265.005432	262.346649
nonnative2011	264.780945	264.175415	267.081818	263.987305	265.175140	263.150574	265.522522	264.524078	265.144501	265.589600	263.005585	266.758820	264.345154	264.018433	264.884277	264.551788	265.103699	266.680725	264.925323	263.771454	267.881195	264.294403	265.538940	262.733398	264.411987	263.679260	267.528320	265.655426	265.628143	263.244080	264.526794	264.288605	261.937958	265.033295	264.366974	264.868103	265.978149	264.612396	261.879761	264.178162	264.754578	47.898365	265.456238	263.916016	261.740387
all2013	266.868347	266.834167	268.514832	265.407257	266.668060	266.235168	267.027588	266.520874	266.770508	267.064240	265.561615	268.152344	266.148376	266.152435	265.113983	265.832764	266.575012	266.485168	266.819519	266.016327	268.663757	266.501709	266.445862	263.708038	266.020813	265.464203	268.504822	266.833771	267.013855	267.129761	266.070007	265.818329	266.521088	266.485474	265.834900	265.491821	267.425140	266.503082	263.800995	264.896423	265.633820	265.456238	253.776138	265.490204	263.541138
native2013	265.798950	265.287659	267.864594	264.135864	265.176788	264.593170	265.818481	265.005432	265.773865	265.627533	264.382507	267.350586	264.929535	264.734924	264.221497	264.445160	265.196472	264.412659	265.532135	264.823242	268.222351	265.134857	265.229523	263.054718	264.890900	263.966766	266.397614	265.974792	265.647552	264.763031	264.751923	264.707092	265.662262	265.315247	264.588104	263.386841	266.325165	265.231842	262.468567	263.721436	265.005432	263.916016	265.490204	251.405197	262.832092
nonnative2013	264.205841	263.344910	265.040192	262.592438	263.521179	264.282043	264.272034	263.238403	263.991974	263.912292	262.752319	263.288910	263.298828	263.120209	262.990387	262.775574	263.997742	262.576721	264.101532	262.476440	265.868622	263.211578	263.629333	262.180695	263.249939	261.810394	266.703491	263.921356	264.037415	262.493286	262.762299	262.807343	264.154755	263.719452	262.882996	261.237457	264.868378	263.864258	261.376007	261.731445	262.346649	261.740387	263.541107	262.832092	168.192337

#RandomSDComdist
.	all1985	native1985	nonnative1985	all1986	native1986	nonnative1986	all1988	native1988	nonnative1988	all1989	native1989	nonnative1989	all1991	native1991	nonnative1991	all1993	native1993	nonnative1993	all1995	native1995	nonnative1995	all1998	native1998	nonnative1998	all2000	native2000	nonnative2000	all2003	native2003	nonnative2003	all2005	native2005	nonnative2005	all2007	native2007	nonnative2007	all2009	native2009	nonnative2009	all2011	native2011	nonnative2011	all2013	native2013	nonnative2013
all1985	37.917099	29.698956	64.105148	28.747686	28.994347	63.270409	28.378731	29.690939	49.110023	28.704851	28.080015	63.034039	27.097404	27.867626	64.521965	28.971846	30.365524	64.393112	32.199287	31.122452	70.595078	29.533163	29.123730	67.650940	30.596344	29.497995	84.096054	28.515947	28.662043	75.347839	28.143642	28.106386	63.204685	28.238579	27.661091	62.353111	30.054350	29.121723	62.321335	30.865578	32.328396	76.661179	32.572609	29.292160	51.682144
native1985	29.698954	34.082432	62.600666	26.402884	26.571884	61.478924	26.224173	26.895359	47.141136	25.853889	25.381622	62.129559	24.908052	26.075994	62.569553	26.639370	28.201830	63.468712	30.020700	29.065577	69.903931	26.480303	27.283535	66.722939	27.745926	26.541311	83.781639	26.275217	26.814413	73.549118	26.014999	25.482452	61.830898	25.510471	24.747341	61.934788	27.777256	27.163656	60.994823	28.458324	29.452257	75.853577	29.959677	26.528904	50.214340
nonnative1985	64.105148	62.600666	51.575073	62.852737	62.407887	90.034325	61.994656	62.577126	77.199104	62.185051	61.853287	88.383423	61.860764	61.989311	91.496788	62.563690	63.056614	91.557938	63.994148	64.132690	95.703339	62.510483	62.008430	93.890831	63.043182	63.049946	109.140068	61.879078	62.141449	98.698158	62.108479	62.646542	90.115974	61.296059	62.048141	89.969193	62.845257	63.235371	91.729561	63.387905	64.680397	104.632027	63.160500	63.542023	81.487663
all1986	28.747686	26.402884	62.852737	32.660172	26.631685	62.849239	26.316196	27.577009	47.122128	25.810347	25.336004	61.686676	24.471325	24.847500	63.570671	26.328156	27.921757	64.131821	30.365837	28.815035	69.914680	26.485378	26.898991	66.786018	28.382393	27.125221	84.234795	25.749144	26.662504	74.055649	25.775221	25.363222	62.494099	25.876442	24.477083	60.927402	28.086735	26.748636	61.042816	28.782419	29.640287	75.106049	29.758883	26.606798	50.362839
native1986	28.994347	26.571884	62.407887	26.631683	33.387257	62.182762	26.274218	26.877193	47.524017	25.792385	25.045301	61.906639	25.010635	25.540642	63.063305	26.277859	27.923544	63.339375	29.687624	28.681271	69.846779	26.199303	26.535454	67.074966	28.250986	26.748577	82.883675	25.672792	26.338093	73.025986	25.508030	25.188395	61.878143	25.076040	24.783098	61.493496	28.071320	26.605782	60.797527	28.538616	29.726950	74.544418	29.794828	27.044397	50.285637
nonnative1986	63.270405	61.478924	90.034325	62.849232	62.182762	47.696735	61.512844	62.131699	77.071060	62.007233	61.945877	88.008247	61.673664	61.739220	91.478851	62.263248	62.694080	92.307434	63.970810	64.286629	95.349007	62.707298	61.699741	97.918983	62.744057	63.206768	110.610619	61.314064	61.878258	98.871269	61.874847	62.020824	89.892685	61.318958	61.352322	89.875420	62.533234	62.157097	90.421783	63.800098	64.618011	105.249336	63.611191	62.893185	81.591293
all1988	28.378731	26.224173	61.994659	26.316196	26.274218	61.512848	31.738962	26.366486	47.524738	26.009594	24.727861	61.724285	24.694880	25.171631	62.421741	25.624380	27.589325	63.109707	30.080559	28.698162	69.514183	26.779760	26.658747	66.105911	28.037716	26.221031	82.147614	25.307178	25.763382	72.635612	25.463160	25.084433	61.258541	24.859049	24.420988	60.995594	27.365568	26.120647	60.461903	27.939718	29.439564	74.511581	28.991468	26.576876	49.392826
native1988	29.690937	26.895359	62.577129	27.577009	26.877190	62.131699	26.366486	33.536613	48.280197	26.914440	25.651323	62.226395	25.362915	25.678665	63.294945	26.983232	28.753092	63.566303	31.329906	29.531137	70.088684	26.883932	27.173691	67.357689	29.196741	27.071304	82.940102	26.010500	26.324615	73.439735	26.326292	25.853075	62.296219	25.870953	25.888433	61.530830	27.993042	27.187544	61.277500	28.920593	30.275743	75.113823	30.302277	27.971731	50.519955
nonnative1988	49.110023	47.141136	77.199104	47.122124	47.524014	77.071060	47.524738	48.280193	57.688610	47.115089	46.906887	75.685432	46.305634	46.930477	79.199242	47.435024	48.111633	78.415955	49.268753	49.294296	83.786110	47.227207	47.947197	81.243309	49.056980	47.429169	98.348099	46.739723	47.297741	88.218964	46.862659	47.597744	76.855621	47.375618	46.519676	75.800369	47.544861	47.466801	76.623299	48.417446	49.228188	90.315392	49.057659	47.750366	66.659691
all1989	28.704849	25.853889	62.185055	25.810345	25.792383	62.007233	26.009594	26.914440	47.115093	32.334785	25.277252	61.176388	24.824274	24.430193	62.759987	26.025805	27.995264	62.686321	29.924776	28.671741	69.388214	25.478634	26.814260	66.600967	27.748589	26.520870	82.597763	25.304256	25.622192	72.609444	25.350677	24.755585	61.307987	25.141830	24.277443	61.218029	26.675243	26.167274	60.864487	28.141548	29.509243	75.200417	29.237537	26.078276	49.710545
native1989	28.080013	25.381622	61.853287	25.336004	25.045301	61.945881	24.727861	25.651323	46.906887	25.277252	30.503458	61.419922	23.683737	24.134722	62.521976	25.388533	26.878864	62.627750	28.587847	27.679304	69.796150	25.340240	25.668671	66.058640	26.760973	26.280247	82.465271	24.749697	25.569969	73.197243	24.534409	23.735189	61.269966	24.048281	23.025934	60.558273	26.656158	25.622480	60.382797	27.210463	28.761410	74.778816	28.812359	25.606634	49.000568
nonnative1989	63.034035	62.129559	88.383423	61.686668	61.906643	88.008240	61.724277	62.226391	75.685432	61.176384	61.419918	56.894989	60.673988	61.357292	90.509888	61.517090	61.812374	87.620811	63.600357	63.041889	94.396507	61.515594	61.565937	95.932602	62.592010	61.763641	108.679771	61.034962	61.896309	100.174164	61.427940	61.289268	89.857498	61.384781	60.754910	89.235863	61.711777	61.511925	90.972649	63.236305	63.878605	103.722183	63.631306	62.138489	82.052689
all1991	27.097404	24.908052	61.860760	24.471325	25.010635	61.673664	24.694880	25.362915	46.305630	24.824272	23.683737	60.673992	29.366165	24.165014	62.306194	25.199970	26.813784	62.755169	28.825737	27.969913	69.536896	25.298367	25.189528	65.715096	26.854761	25.906944	82.278702	24.437954	24.386021	73.082336	23.610714	23.796120	61.074642	23.566561	22.511436	60.183464	25.932968	24.707432	59.706913	26.709227	28.504608	73.659302	28.080324	24.972857	49.087593
native1991	27.867626	26.075994	61.989315	24.847498	25.540642	61.739223	25.171631	25.678671	46.930481	24.430195	24.134722	61.357300	24.165014	30.612144	62.310860	25.710474	27.442867	62.830463	29.304314	27.657082	69.173798	25.423008	25.757914	66.426216	27.088762	26.161528	82.857765	24.807056	25.603302	73.265495	24.802412	24.013628	60.850452	24.135138	23.664511	60.619106	26.738874	25.473063	60.503735	26.918957	29.028797	74.920113	28.594103	25.452717	48.751404
nonnative1991	64.521957	62.569553	91.496796	63.570671	63.063305	91.478851	62.421741	63.294941	79.199249	62.759987	62.521976	90.509888	62.306190	62.310856	42.883213	63.290531	63.688919	92.438301	64.797401	64.455498	95.933243	62.912704	63.113617	97.594208	63.517246	63.894375	110.924721	63.044422	62.733200	101.922783	62.486603	62.685120	91.883614	62.499157	62.284283	90.846123	62.896324	62.876503	93.185471	64.771164	65.235069	105.162094	64.323547	63.901466	82.607246
all1993	28.971848	26.639370	62.563698	26.328157	26.277859	62.263252	25.624380	26.983234	47.435020	26.025803	25.388533	61.517094	25.199968	25.710474	63.290520	32.794651	28.393562	62.966209	30.303772	29.071064	69.809845	26.627697	26.475258	67.071526	28.394472	26.930658	83.635674	25.632431	25.900099	73.309937	25.621059	25.227053	61.716869	24.956446	24.702095	61.081688	27.598112	27.001419	61.275501	28.717749	29.571299	75.598618	29.967499	27.069355	50.711094
native1993	30.365522	28.201828	63.056618	27.921755	27.923546	62.694084	27.589325	28.753092	48.111637	27.995262	26.878864	61.812382	26.813786	27.442869	63.688919	28.393562	35.284794	64.269165	31.592329	30.400883	70.731758	27.859571	28.207752	67.505196	29.802914	29.331127	83.952812	27.604446	27.500046	74.945732	27.289232	26.993771	62.805183	27.355324	26.211853	61.839260	29.410028	27.835653	62.450924	29.858717	31.225008	76.629272	31.058540	28.585176	50.950592
nonnative1993	64.393112	63.468712	91.557938	64.131821	63.339371	92.307434	63.109707	63.566299	78.415955	62.686325	62.627747	87.620796	62.755165	62.830456	92.438301	62.966206	64.269157	52.423141	65.260452	64.635147	96.099800	63.025425	63.209656	97.421478	63.970669	63.732773	109.028511	62.736805	62.793850	100.878281	62.974438	62.743805	90.977631	63.092922	62.310112	90.699158	63.261467	63.365299	92.029953	64.997841	65.213104	105.055130	64.739349	63.471867	82.038612
all1995	32.199284	30.020700	63.994144	30.365837	29.687624	63.970810	30.080559	31.329903	49.268753	29.924776	28.587847	63.600357	28.825741	29.304316	64.797401	30.303770	31.592329	65.260460	39.985699	32.518593	70.909912	30.176815	30.791784	68.715080	32.083366	30.670675	86.194916	29.694887	29.882790	76.126511	29.956730	29.558477	64.147797	29.538189	29.065987	63.319489	30.935757	30.288568	63.767075	32.012199	33.710247	77.235580	32.838169	30.149345	52.588356
native1995	31.122452	29.065575	64.132683	28.815037	28.681274	64.286629	28.698162	29.531141	49.294292	28.671741	27.679304	63.041889	27.969915	27.657084	64.455498	29.071064	30.400885	64.635147	32.518589	37.071774	71.447403	29.464157	29.434149	68.874611	30.253675	29.230268	85.471672	28.541637	28.746389	75.324684	27.558662	28.217407	63.414387	28.044123	26.982687	63.262028	29.533173	28.979185	62.708141	31.353897	32.068546	77.649887	31.486324	29.097589	52.490067
nonnative1995	70.595078	69.903923	95.703339	69.914673	69.846771	95.349014	69.514183	70.088684	83.786102	69.388206	69.796150	94.396507	69.536888	69.173790	95.933243	69.809845	70.731758	96.099800	70.909912	71.447403	59.477253	69.475517	70.146263	102.405174	70.868759	69.560204	113.770981	69.897804	69.898659	104.640556	69.588501	69.632828	94.328079	69.218796	69.066956	96.282646	69.456581	69.700455	96.552727	71.355728	71.875389	109.722687	70.900795	70.151436	88.620621
all1998	29.533163	26.480303	62.510483	26.485378	26.199303	62.707302	26.779760	26.883932	47.227207	25.478634	25.340240	61.515598	25.298367	25.423008	62.912708	26.627697	27.859571	63.025425	30.176815	29.464159	69.475517	33.260426	27.366854	66.655159	27.969875	27.079699	83.407402	25.711872	26.224598	73.695961	25.622280	25.575476	62.123566	25.032141	24.853268	61.392097	27.473480	26.241590	60.660557	28.882914	29.950035	75.214706	29.406303	26.685516	50.269012
native1998	29.123730	27.283535	62.008434	26.898991	26.535454	61.699745	26.658745	27.173691	47.947201	26.814260	25.668667	61.565941	25.189528	25.757912	63.113617	26.475258	28.207750	63.209656	30.791782	29.434149	70.146271	27.366854	34.178425	66.717010	28.589317	27.147930	83.544907	26.249001	25.949284	73.571770	26.050138	25.452852	62.139206	26.008919	25.364752	61.170563	27.470201	27.348585	61.099686	29.070213	29.938168	75.530510	30.188637	26.888908	49.888802
nonnative1998	67.650948	66.722939	93.890823	66.786018	67.074966	97.918983	66.105904	67.357689	81.243317	66.600975	66.058640	95.932594	65.715096	66.426208	97.594208	67.071526	67.505196	97.421486	68.715080	68.874611	102.405174	66.655159	66.717026	29.080881	68.270042	67.184509	116.409317	65.698593	66.894058	107.683762	66.393257	66.674484	95.614258	66.285622	66.573997	96.290817	66.483704	67.081856	98.351692	69.310699	69.209976	112.680283	68.530602	67.764519	87.293015
all2000	30.596344	27.745928	63.043179	28.382393	28.250986	62.744061	28.037716	29.196739	49.056980	27.748589	26.760975	62.592014	26.854763	27.088762	63.517246	28.394472	29.802916	63.970669	32.083366	30.253675	70.868759	27.969877	28.589317	68.270042	37.002472	28.844749	83.807068	27.047638	27.646898	74.359245	27.716671	27.365036	62.774586	26.991978	26.048370	61.610657	29.239847	28.606157	61.245018	30.156097	31.648903	76.159225	31.078314	28.652021	51.528206
native2000	29.497995	26.541313	63.049946	27.125221	26.748573	63.206768	26.221031	27.071304	47.429173	26.520870	26.280245	61.763641	25.906944	26.161530	63.894375	26.930651	29.331129	63.732773	30.670673	29.230267	69.560211	27.079699	27.147928	67.184517	28.844749	34.841599	83.509155	26.788988	26.430250	74.036049	26.024303	25.649433	62.941349	25.771696	25.293451	61.632683	28.144577	26.508314	61.449875	29.139181	29.750696	76.207245	29.869265	27.515711	51.263439
nonnative2000	84.096039	83.781631	109.140053	84.234795	82.883675	110.610619	82.147614	82.940086	98.348099	82.597755	82.465271	108.679771	82.278694	82.857758	110.924721	83.635674	83.952797	109.028519	86.194916	85.471664	113.770981	83.407402	83.544907	116.409317	83.807068	83.509155	24.434559	82.891739	82.889091	119.583725	83.085716	83.024826	108.637138	82.815445	82.804283	112.194626	82.956436	83.271622	114.747147	85.678085	85.413673	123.398201	84.541855	83.281784	102.076408
all2003	28.515947	26.275217	61.879082	25.749144	25.672792	61.314064	25.307178	26.010500	46.739723	25.304256	24.749697	61.034969	24.437954	24.807056	63.044426	25.632435	27.604448	62.736801	29.694887	28.541637	69.897804	25.711872	26.249001	65.698601	27.047638	26.788986	82.891747	32.163380	26.189987	73.673569	24.723980	23.917519	61.234795	25.081636	24.120756	60.773830	26.577908	25.523417	60.527470	27.785809	29.676786	75.046844	29.428396	25.794113	49.606850
native2003	28.662043	26.814411	62.141449	26.662500	26.338093	61.878265	25.763382	26.324619	47.297745	25.622192	25.569969	61.896313	24.386021	25.603302	62.733204	25.900099	27.500044	62.793846	29.882788	28.746389	69.898666	26.224598	25.949284	66.894058	27.646898	26.430254	82.889091	26.189987	32.997723	73.046295	26.158161	25.365843	61.318844	25.303518	24.520178	60.734016	27.373913	26.202377	60.873871	28.043161	29.465090	74.618248	29.714552	26.706432	49.676029
nonnative2003	75.347832	73.549118	98.698151	74.055641	73.025978	98.871269	72.635605	73.439735	88.218964	72.609444	73.197243	100.174164	73.082329	73.265503	101.922791	73.309944	74.945724	100.878281	76.126511	75.324677	104.640556	73.695961	73.571762	107.683754	74.359245	74.036049	119.583725	73.673561	73.046295	41.743721	73.175407	73.174713	100.194145	72.987457	72.774796	102.128654	72.696686	72.900063	102.233055	75.466454	75.648285	115.115669	75.479630	74.615761	93.267006
all2005	28.143650	26.014999	62.108482	25.775221	25.508030	61.874855	25.463160	26.326294	46.862659	25.350677	24.534409	61.427944	23.610716	24.802414	62.486603	25.621059	27.289232	62.974438	29.956732	27.558662	69.588509	25.622280	26.050138	66.393257	27.716673	26.024305	83.085716	24.723980	26.158159	73.175400	30.766281	24.611952	61.667847	24.778069	23.666788	60.882484	27.009546	25.782448	60.894592	27.600603	29.060688	73.989464	28.619482	25.403666	49.650475
native2005	28.106384	25.482452	62.646542	25.363222	25.188393	62.020832	25.084433	25.853077	47.597748	24.755585	23.735191	61.289272	23.796120	24.013628	62.685120	25.227053	26.993771	62.743805	29.558477	28.217407	69.632820	25.575476	25.452850	66.674484	27.365036	25.649433	83.024834	23.917519	25.365845	73.174713	24.611948	30.267273	61.240433	24.048441	23.609482	60.520805	26.299686	25.544622	60.405624	27.743673	28.768719	74.902977	28.618876	26.013163	49.710106
nonnative2005	63.204681	61.830898	90.115967	62.494099	61.878139	89.892685	61.258545	62.296211	76.855621	61.307983	61.269962	89.857498	61.074638	60.850449	91.883606	61.716869	62.805180	90.977631	64.147797	63.414383	94.328079	62.123573	62.139202	95.614265	62.774586	62.941353	108.637138	61.234791	61.318840	100.194145	61.667847	61.240425	51.080254	60.885727	60.583241	90.390656	62.556416	61.312973	91.465790	63.283619	64.000565	104.397919	62.803852	62.123898	80.496330
all2007	28.238577	25.510471	61.296066	25.876442	25.076042	61.318962	24.859049	25.870953	47.375614	25.141832	24.048277	61.384777	23.566561	24.135138	62.499161	24.956446	27.355322	63.092922	29.538191	28.044125	69.218796	25.032141	26.008921	66.285622	26.991978	25.771696	82.815445	25.081638	25.303520	72.987457	24.778069	24.048441	60.885731	30.586918	23.399446	60.284622	26.926647	25.837332	60.004242	27.522085	28.848057	74.271179	28.862310	25.567060	49.532639
native2007	27.661091	24.747343	62.048141	24.477083	24.783096	61.352322	24.420988	25.888435	46.519676	24.277443	23.025934	60.754913	22.511436	23.664511	62.284283	24.702095	26.211855	62.310112	29.065989	26.982687	69.066956	24.853268	25.364748	66.573997	26.048370	25.293453	82.804298	24.120756	24.520178	72.774796	23.666788	23.609482	60.583241	23.399446	29.150234	60.266960	26.118704	24.923468	60.438229	26.881718	28.550499	74.618820	28.190205	25.276394	49.349361
nonnative2007	62.353111	61.934784	89.969193	60.927402	61.493492	89.875420	60.995590	61.530823	75.800369	61.218025	60.558270	89.235863	60.183460	60.619102	90.846123	61.081688	61.839260	90.699158	63.319481	63.262028	96.282646	61.392097	61.170559	96.290817	61.610657	61.632683	112.194618	60.773827	60.734016	102.128654	60.882481	60.520802	90.390656	60.284618	60.266960	47.839001	61.212563	61.311535	92.035027	62.641846	64.428146	104.249100	62.342236	61.910423	79.714684
all2009	30.054350	27.777256	62.845261	28.086737	28.071318	62.533234	27.365568	27.993042	47.544861	26.675245	26.656160	61.711777	25.932970	26.738874	62.896324	27.598112	29.410027	63.261467	30.935757	29.533175	69.456589	27.473480	27.470201	66.483704	29.239849	28.144575	82.956444	26.577908	27.373913	72.696686	27.009546	26.299686	62.556412	26.926645	26.118704	61.212566	35.701664	28.611216	61.039276	29.039204	31.028116	75.566643	31.316021	28.495527	50.750401
native2009	29.121719	27.163656	63.235371	26.748636	26.605782	62.157101	26.120647	27.187542	47.466801	26.167274	25.622480	61.511925	24.707432	25.473063	62.876503	27.001419	27.835653	63.365299	30.288568	28.979185	69.700455	26.241590	27.348585	67.081848	28.606157	26.508314	83.271622	25.523417	26.202379	72.900063	25.782450	25.544617	61.312977	25.837332	24.923468	61.311539	28.611217	33.434254	60.777046	28.795391	29.936947	75.663368	30.079727	27.133907	50.188629
nonnative2009	62.321331	60.994823	91.729561	61.042816	60.797520	90.421783	60.461899	61.277500	76.623299	60.864487	60.382793	90.972649	59.706913	60.503735	93.185455	61.275501	62.450928	92.029961	63.767075	62.708141	96.552742	60.660553	61.099686	98.351700	61.245014	61.449867	114.747154	60.527466	60.873871	102.233047	60.894596	60.405621	91.465790	60.004238	60.438225	92.035019	61.039276	60.777042	44.092445	62.823364	64.511360	106.166161	62.774952	61.340454	81.572350
all2011	30.865578	28.458324	63.387909	28.782419	28.538616	63.800098	27.939718	28.920593	48.417446	28.141548	27.210463	63.236309	26.709227	26.918953	64.771164	28.717751	29.858715	64.997849	32.012203	31.353895	71.355728	28.882917	29.070213	69.310692	30.156097	29.139183	85.678085	27.785809	28.043161	75.466454	27.600601	27.743673	63.283619	27.522083	26.881718	62.641853	29.039202	28.795391	62.823360	35.424690	32.277061	76.834137	31.768724	28.888010	52.420635
native2011	32.328396	29.452257	64.680389	29.640287	29.726952	64.618011	29.439564	30.275743	49.228191	29.509243	28.761408	63.878601	28.504608	29.028799	65.235069	29.571299	31.225006	65.213104	33.710243	32.068546	71.875397	29.950035	29.938166	69.209976	31.648901	29.750694	85.413681	29.676785	29.465092	75.648285	29.060686	28.768717	64.000572	28.848059	28.550503	64.428146	31.028118	29.936949	64.511368	32.277061	38.507370	77.298996	33.474831	30.374336	52.750324
nonnative2011	76.661179	75.853577	104.632027	75.106041	74.544418	105.249344	74.511581	75.113808	90.315384	75.200409	74.778816	103.722183	73.659302	74.920113	105.162094	75.598618	76.629272	105.055130	77.235573	77.649887	109.722687	75.214706	75.530510	112.680275	76.159218	76.207237	123.398193	75.046829	74.618248	115.115669	73.989456	74.902969	104.397926	74.271164	74.618820	104.249107	75.566628	75.663361	106.166168	76.834137	77.298988	23.722584	76.852867	75.743652	96.503494
all2013	32.572617	29.959679	63.160500	29.758883	29.794828	63.611191	28.991468	30.302279	49.057659	29.237537	28.812359	63.631306	28.080326	28.594103	64.323547	29.967499	31.058540	64.739349	32.838169	31.486324	70.900795	29.406303	30.188639	68.530602	31.078314	29.869265	84.541855	29.428396	29.714552	75.479637	28.619482	28.618874	62.803852	28.862310	28.190203	62.342239	31.316019	30.079731	62.774952	31.768723	33.474842	76.852875	39.128670	30.643263	52.330662
native2013	29.292158	26.528902	63.542023	26.606798	27.044399	62.893185	26.576876	27.971731	47.750370	26.078276	25.606638	62.138489	24.972858	25.452717	63.901470	27.069355	28.585176	63.471870	30.149345	29.097588	70.151443	26.685514	26.888910	67.764519	28.652021	27.515713	83.281784	25.794115	26.706434	74.615761	25.403666	26.013163	62.123901	25.567060	25.276394	61.910423	28.495527	27.133907	61.340458	28.888010	30.374336	75.743652	30.643263	33.669044	50.435402
nonnative2013	51.682144	50.214336	81.487663	50.362835	50.285629	81.591293	49.392826	50.519958	66.659698	49.710541	49.000568	82.052689	49.087589	48.751404	82.607254	50.711094	50.950592	82.038612	52.588352	52.490067	88.620628	50.269012	49.888798	87.293007	51.528206	51.263435	102.076416	49.606850	49.676029	93.267006	49.650475	49.710102	80.496330	49.532639	49.349361	79.714684	50.750401	50.188625	81.572350	52.420635	52.750328	96.503487	52.330666	50.435398	63.865597

#NRIComdist
.	all1985	native1985	nonnative1985	all1986	native1986	nonnative1986	all1988	native1988	nonnative1988	all1989	native1989	nonnative1989	all1991	native1991	nonnative1991	all1993	native1993	nonnative1993	all1995	native1995	nonnative1995	all1998	native1998	nonnative1998	all2000	native2000	nonnative2000	all2003	native2003	nonnative2003	all2005	native2005	nonnative2005	all2007	native2007	nonnative2007	all2009	native2009	nonnative2009	all2011	native2011	nonnative2011	all2013	native2013	nonnative2013
all1985	1.560553	2.209522	1.456967	2.276918	1.977757	1.587082	2.099522	1.850365	1.821148	1.865906	1.603604	1.558531	1.956574	1.689107	1.528128	1.767627	1.548437	1.513156	1.422134	1.268368	1.478825	1.697622	1.596828	1.568962	1.908355	1.670407	1.383927	1.626090	1.261323	1.446190	1.278407	1.193328	1.424625	1.174142	1.094748	1.614031	1.166362	1.129132	1.558729	1.294311	1.237056	1.418720	1.106299	1.185340	1.802999
native1985	2.209521	1.543577	1.150137	2.147649	1.978713	1.266139	2.025069	1.864704	1.468805	1.788401	1.580319	1.232345	1.837777	1.596959	1.224872	1.673946	1.493719	1.201082	1.287007	1.157146	1.158745	1.615106	1.470074	1.232655	1.804036	1.638398	1.081072	1.532965	1.213328	1.180020	1.205670	1.161529	1.143529	1.125644	1.069503	1.265697	1.084293	1.030456	1.217185	1.202215	1.174074	1.101524	1.045256	1.114692	1.507371
nonnative1985	1.456967	1.150137	0.582924	1.409824	1.102714	1.791595	1.248065	1.074376	1.864310	1.186966	0.952904	1.787072	1.180569	1.014900	1.737414	1.104072	0.965456	1.711956	1.025267	0.852164	1.736050	1.114685	1.007623	1.832346	1.294848	1.040001	1.718157	1.010030	0.735805	1.703605	0.778560	0.708453	1.573659	0.739585	0.656537	1.762648	0.769102	0.720651	1.701470	0.901697	0.869458	1.691136	0.795238	0.774278	1.700333
all1986	2.276897	2.147646	1.409824	1.680865	2.298728	1.481073	2.392900	2.139815	1.872730	2.371896	2.163486	1.517199	2.497975	2.301739	1.426334	2.207078	1.982851	1.412173	1.909731	1.853996	1.380661	2.295623	2.181482	1.403955	2.284628	2.164438	1.191425	1.931795	1.588322	1.294782	1.725685	1.676610	1.322783	1.634942	1.640697	1.515110	1.654881	1.673778	1.475631	1.819082	1.777038	1.290493	1.598268	1.733229	1.736869
native1986	1.977760	1.978718	1.102713	2.298733	1.477501	1.130581	2.283635	2.152037	1.515327	2.294171	2.227025	1.189647	2.360339	2.267874	1.089226	2.146855	2.004729	1.093514	1.947934	1.938860	1.072737	2.296631	2.234973	1.019793	2.153713	2.187761	0.869692	1.847634	1.656208	0.949935	1.777565	1.768263	1.039241	1.767790	1.720335	1.165507	1.734757	1.776613	1.133431	1.874790	1.821295	0.947372	1.661130	1.771152	1.409430
nonnative1986	1.587079	1.266139	1.791596	1.481074	1.130582	1.051446	1.283729	1.093603	1.994480	1.196348	0.913004	1.946826	1.188456	0.983393	1.939471	1.119832	0.948404	1.873624	1.011131	0.800014	1.906657	1.092402	0.988298	1.942743	1.350764	1.030069	1.873680	1.036952	0.708023	1.916243	0.741434	0.654769	1.722466	0.671153	0.593192	1.941901	0.703411	0.670507	1.941044	0.841878	0.818512	1.850968	0.723068	0.698139	1.864308
all1988	2.099481	2.025069	1.248059	2.392850	2.283626	1.283732	1.739888	2.301230	1.659364	2.394110	2.356634	1.318638	2.546608	2.420296	1.236792	2.342488	2.130584	1.225266	2.044841	2.045312	1.194575	2.388512	2.358335	1.173448	2.310992	2.357931	0.997830	2.008865	1.794588	1.081378	1.894829	1.883043	1.176384	1.893781	1.854990	1.304091	1.895363	1.927848	1.290061	2.045437	1.954731	1.077274	1.809338	1.924005	1.598838
native1988	1.850385	1.864721	1.074378	2.139790	2.152045	1.093606	2.301232	1.462314	1.442685	2.209356	2.207725	1.151902	2.377915	2.308799	1.057072	2.135506	1.987928	1.062800	1.889218	1.938148	1.035582	2.290053	2.250948	0.974697	2.100444	2.206721	0.838471	1.856687	1.711224	0.917495	1.781224	1.792220	1.010165	1.779747	1.717882	1.132701	1.807036	1.807792	1.096263	1.900604	1.837973	0.906690	1.689092	1.772060	1.396556
nonnative1988	1.821150	1.468805	1.864310	1.872729	1.515328	1.994481	1.659361	1.442684	1.302023	1.646698	1.368305	2.033226	1.684769	1.461498	1.895861	1.545727	1.380807	1.927336	1.497592	1.327015	1.886813	1.655791	1.512180	1.934978	1.758326	1.527087	1.748819	1.389250	1.054060	1.773472	1.137081	1.035088	1.751822	1.047130	0.988756	2.005131	1.192273	1.121371	1.966259	1.354241	1.334805	1.813631	1.182478	1.187183	2.012758
all1989	1.865906	1.788424	1.186968	2.371892	2.294224	1.196351	2.394087	2.209358	1.646697	1.747944	2.452178	1.295690	2.650473	2.654331	1.147240	2.366015	2.187324	1.170428	2.237080	2.280686	1.144887	2.681577	2.533673	1.050277	2.366633	2.405199	0.882048	2.061613	1.908728	0.951292	2.079421	2.106705	1.113166	2.105123	2.121035	1.215418	2.195107	2.188467	1.220474	2.248735	2.172115	0.971145	2.024554	2.212058	1.463194
native1989	1.603598	1.580325	0.952904	2.163499	2.226998	0.913004	2.356567	2.207752	1.368306	2.452177	1.703930	1.008259	2.646475	2.633564	0.867802	2.306640	2.212891	0.899484	2.297537	2.362604	0.885721	2.609283	2.604638	0.763444	2.279353	2.358102	0.625987	1.959732	1.876509	0.682038	2.119192	2.190255	0.866646	2.194228	2.260856	0.952561	2.198178	2.244922	0.954374	2.308136	2.216304	0.685156	2.038931	2.247588	1.205046
nonnative1989	1.558534	1.232342	1.787073	1.517201	1.189646	1.946826	1.318639	1.151902	2.033225	1.295688	1.008261	1.018065	1.308598	1.100531	1.872572	1.213247	1.051126	1.946912	1.137522	0.975518	1.896878	1.251119	1.140056	1.884255	1.427332	1.165050	1.826235	1.114074	0.808701	1.793050	0.851131	0.779101	1.670204	0.786020	0.714758	1.900338	0.866969	0.823808	1.850082	0.979018	0.954697	1.802326	0.849971	0.851098	1.774904
all1991	1.956558	1.837754	1.180568	2.497951	2.360364	1.188456	2.546635	2.377876	1.684765	2.650464	2.646451	1.308593	2.082977	2.824039	1.150822	2.547344	2.383373	1.167649	2.505416	2.531497	1.137286	2.919318	2.939817	1.056914	2.593709	2.664402	0.873256	2.215064	2.118334	0.938602	2.304066	2.255614	1.115792	2.273213	2.324565	1.246793	2.384241	2.448368	1.260326	2.520139	2.388103	0.970420	2.204588	2.427460	1.496472
native1991	1.689111	1.596975	1.014899	2.301724	2.267898	0.983395	2.420321	2.308795	1.461497	2.654304	2.633577	1.100525	2.824036	1.994574	0.937411	2.460191	2.344488	0.962012	2.499760	2.660807	0.963815	2.926123	2.935410	0.809487	2.513551	2.652572	0.661474	2.120910	2.040206	0.731094	2.230042	2.300612	0.921401	2.270599	2.282968	1.032557	2.392777	2.462621	1.030409	2.563668	2.405918	0.745844	2.236001	2.455848	1.308167
nonnative1991	1.528131	1.224873	1.737415	1.426335	1.089226	1.939471	1.236792	1.057073	1.895861	1.147244	0.867802	1.872572	1.150821	0.937408	1.105422	1.065863	0.903676	1.907099	0.947374	0.745969	1.905794	1.068460	0.935368	1.962019	1.311163	0.987440	1.886433	0.991722	0.671803	1.857405	0.701386	0.624928	1.692268	0.629247	0.553309	1.936093	0.676936	0.624990	1.859537	0.800947	0.761557	1.896093	0.683256	0.666667	1.844948
all1993	1.767595	1.673940	1.104074	2.207075	2.146857	1.119831	2.342450	2.135522	1.545727	2.366030	2.306652	1.213250	2.547351	2.460162	1.065863	1.515461	2.126215	1.090737	2.201899	2.248004	1.083122	2.544240	2.564219	0.977507	2.276926	2.355619	0.812458	1.997177	1.872593	0.896728	1.999913	2.009488	1.040190	2.027076	1.991978	1.160456	2.050714	2.050077	1.134858	2.121823	2.081958	0.909048	1.888459	2.037139	1.374534
native1993	1.548445	1.493740	0.965455	1.982867	2.004722	0.948406	2.130569	1.987941	1.380803	2.187354	2.212897	1.051123	2.383357	2.344469	0.903677	2.126214	1.387981	0.907639	2.143595	2.219097	0.907829	2.457366	2.456670	0.802851	2.133609	2.189890	0.653983	1.827078	1.802752	0.725450	1.920397	1.935314	0.883118	1.901942	1.946512	0.989115	1.992057	2.054708	0.958901	2.078171	2.027023	0.733232	1.881282	1.994797	1.228650
nonnative1993	1.513155	1.201082	1.711956	1.412175	1.093514	1.873624	1.225267	1.062800	1.927336	1.170423	0.899484	1.946913	1.167649	0.962013	1.907099	1.090736	0.907642	0.979553	0.963585	0.811011	1.878007	1.095626	0.967883	1.945666	1.295263	1.004946	1.903089	1.019754	0.699280	1.854995	0.735786	0.660523	1.716866	0.667416	0.599567	1.930002	0.717986	0.667900	1.861835	0.829027	0.812354	1.876450	0.721706	0.696511	1.826418
all1995	1.422147	1.287000	1.025267	1.909733	1.947934	1.011131	2.044868	1.889244	1.497590	2.237039	2.297540	1.137519	2.505432	2.499755	0.947376	2.201909	2.143574	0.963585	1.637214	2.516918	0.987827	2.655152	2.649539	0.811652	2.226611	2.382365	0.649494	1.882548	1.867890	0.714877	1.983822	2.018912	0.916132	1.992912	2.002883	1.037823	2.264751	2.273439	1.044809	2.359760	2.260380	0.757466	2.124156	2.271060	1.238911
native1995	1.268378	1.157172	0.852163	1.853968	1.938843	0.800015	2.045280	1.938166	1.327015	2.280717	2.362608	0.975518	2.531497	2.660811	0.745968	2.248003	2.219089	0.811011	2.516917	1.774130	0.806311	2.709482	2.791278	0.600362	2.279034	2.492634	0.462824	1.885940	1.942256	0.545335	2.164580	2.132268	0.755739	2.134023	2.191372	0.855600	2.411202	2.428316	0.893198	2.418918	2.405272	0.561406	2.250810	2.396369	1.042430
nonnative1995	1.478826	1.158745	1.736050	1.380661	1.072737	1.906657	1.194574	1.035583	1.886813	1.144886	0.885721	1.896878	1.137288	0.963814	1.905794	1.083121	0.907832	1.878007	0.987827	0.806312	0.986970	1.096792	0.968552	1.918647	1.278970	1.017656	1.871566	0.978901	0.706857	1.872564	0.728968	0.650598	1.715009	0.673499	0.602344	1.902660	0.729589	0.678717	1.877578	0.844749	0.826739	1.855927	0.729714	0.724799	1.782542
all1998	1.697629	1.615106	1.114685	2.295632	2.296625	1.092401	2.388505	2.290051	1.655785	2.681575	2.609275	1.251116	2.919323	2.926125	1.068458	2.544241	2.457345	1.095624	2.655149	2.709469	1.096792	2.199045	3.049160	0.933401	2.707085	2.846460	0.751980	2.241788	2.170093	0.835928	2.319644	2.306962	1.015531	2.316234	2.283518	1.164740	2.537106	2.613967	1.196699	2.624731	2.563467	0.859225	2.354686	2.542856	1.410031
native1998	1.596822	1.470069	1.007622	2.181486	2.234995	0.988299	2.358343	2.250967	1.512173	2.533663	2.604650	1.140056	2.939817	2.935417	0.935370	2.564224	2.456645	0.967882	2.649534	2.791271	0.968551	3.049167	2.207214	0.779984	2.611368	2.880127	0.613745	2.185952	2.237952	0.699098	2.326725	2.382988	0.902298	2.278713	2.304931	1.042194	2.616932	2.580230	1.059522	2.672560	2.636680	0.740024	2.355260	2.599503	1.307409
nonnative1998	1.568959	1.232656	1.832346	1.403954	1.019792	1.942743	1.173447	0.974699	1.934978	1.050277	0.763443	1.884255	1.056913	0.809488	1.962020	0.977506	0.802851	1.945666	0.811654	0.600361	1.918647	0.933401	0.779982	1.277142	1.207894	0.871631	1.998866	0.948801	0.566280	1.968537	0.594511	0.503005	1.779568	0.522660	0.438379	1.966040	0.531743	0.468108	1.908912	0.618429	0.625373	1.936618	0.533173	0.521694	1.882291
all2000	1.908354	1.804029	1.294847	2.284623	2.153708	1.350764	2.310983	2.100445	1.758328	2.366636	2.279350	1.427333	2.593723	2.513526	1.311161	2.276940	2.133599	1.295266	2.226621	2.279035	1.278970	2.707077	2.611396	1.207894	1.671249	2.495891	1.028375	2.073757	1.865847	1.101579	1.911630	1.896703	1.211964	1.878500	1.870929	1.394287	2.062938	2.050301	1.411129	2.220727	2.128854	1.121859	1.934700	2.055508	1.613043
native2000	1.670404	1.638402	1.040002	2.164425	2.187792	1.030068	2.357949	2.206734	1.527086	2.405229	2.358137	1.165051	2.664379	2.652560	0.987441	2.355601	2.189861	1.004947	2.382351	2.492638	1.017657	2.846483	2.880137	0.871632	2.495890	1.764082	0.702062	2.005199	2.003891	0.790346	2.086981	2.105205	0.939455	2.043706	2.032856	1.092436	2.268692	2.361446	1.093557	2.395545	2.391268	0.803819	2.130039	2.256861	1.317958
nonnative2000	1.383926	1.081074	1.718157	1.191426	0.869693	1.873680	0.997832	0.838473	1.748819	0.882048	0.625987	1.826236	0.873255	0.661476	1.886433	0.812459	0.653983	1.903088	0.649496	0.462824	1.871566	0.751981	0.613745	1.998866	1.028375	0.702062	1.721446	0.805104	0.474509	1.946124	0.497934	0.417250	1.726057	0.424238	0.340540	1.816919	0.409217	0.372800	1.785213	0.487528	0.499741	1.955872	0.427795	0.401827	1.749050
all2003	1.626070	1.532973	1.010030	1.931804	1.847608	1.036952	2.008864	1.856729	1.389253	2.061625	1.959736	1.114074	2.215095	2.120918	0.991727	1.997154	1.827056	1.019755	1.882541	1.885939	0.978898	2.241783	2.185952	0.948802	2.073791	2.005197	0.805105	1.134042	1.650608	0.838800	1.820561	1.854559	0.985190	1.753058	1.761120	1.057020	1.870577	1.888867	1.057456	1.895926	1.787820	0.863157	1.668998	1.868283	1.245729
native2003	1.261309	1.213305	0.735806	1.588331	1.656191	0.708023	1.794575	1.711226	1.054057	1.908710	1.876524	0.808702	2.118297	2.040201	0.671799	1.872610	1.802745	0.699279	1.867895	1.942280	0.706857	2.170119	2.237970	0.566281	1.865847	2.003871	0.474509	1.650612	1.065109	0.530495	1.729002	1.800451	0.680396	1.794708	1.825937	0.737258	1.898923	1.941755	0.736889	1.917446	1.853989	0.540945	1.726479	1.870149	0.920802
nonnative2003	1.446190	1.180020	1.703605	1.294783	0.949934	1.916243	1.081378	0.917493	1.773473	0.951291	0.682040	1.793050	0.938601	0.731095	1.857405	0.896728	0.725450	1.854995	0.714877	0.545335	1.872564	0.835928	0.699097	1.968537	1.101579	0.790347	1.946124	0.838799	0.530496	0.998237	0.531594	0.461112	1.712332	0.468213	0.380236	1.845683	0.466981	0.421900	1.800409	0.579977	0.564278	1.867340	0.488574	0.455372	1.732213
all2005	1.278423	1.205675	0.778561	1.725680	1.777548	0.741432	1.894837	1.781256	1.137087	2.079441	2.119204	0.851129	2.304053	2.230072	0.701386	1.999919	1.920401	0.735785	1.983825	2.164605	0.728968	2.319638	2.326720	0.594509	1.911658	2.086974	0.497934	1.820550	1.729022	0.531591	1.322002	2.010624	0.713295	2.013917	2.085410	0.769534	2.050839	2.105068	0.769167	2.085297	2.009554	0.562920	1.926703	2.119830	0.938741
native2005	1.193334	1.161521	0.708452	1.676623	1.768243	0.654770	1.883028	1.792228	1.035085	2.106671	2.190219	0.779100	2.255589	2.300606	0.624924	2.009506	1.935290	0.660523	2.018881	2.132292	0.650599	2.306974	2.382963	0.503006	1.896717	2.105183	0.417252	1.854588	1.800453	0.461112	2.010627	1.340574	0.649149	2.079707	2.111471	0.687829	2.131943	2.153022	0.694791	2.075742	2.043184	0.471970	1.935751	2.088576	0.857663
nonnative2005	1.424620	1.143530	1.573659	1.322783	1.039241	1.722465	1.176384	1.010163	1.751822	1.113167	0.866647	1.670204	1.115794	0.921401	1.692268	1.040191	0.883117	1.716866	0.916133	0.755740	1.715009	1.015530	0.902298	1.779567	1.211964	0.939454	1.726057	0.985190	0.680396	1.712333	0.713296	0.649147	0.448184	0.682840	0.602830	1.704221	0.689999	0.655562	1.691012	0.803134	0.777118	1.653054	0.706228	0.693857	1.696635
all2007	1.174161	1.125629	0.739583	1.634951	1.767774	0.671152	1.893824	1.779763	1.047133	2.105126	2.194237	0.786022	2.273257	2.270580	0.629248	2.027052	1.901970	0.667415	1.992895	2.134026	0.673499	2.316240	2.278701	0.522660	1.878542	2.043720	0.424238	1.753049	1.794703	0.468215	2.013927	2.079728	0.682842	1.411976	2.172526	0.705781	2.080239	2.126782	0.712646	2.080297	2.027572	0.495326	1.935625	2.141118	0.880313
native2007	1.094773	1.069485	0.656538	1.640721	1.720322	0.593194	1.854976	1.717890	0.988751	2.121037	2.260859	0.714758	2.324573	2.282966	0.553309	1.991969	1.946497	0.599568	2.002892	2.191372	0.602343	2.283512	2.304962	0.438378	1.870947	2.032861	0.340541	1.761164	1.825952	0.380237	2.085390	2.111511	0.602830	2.172534	1.446206	0.612746	2.121694	2.198913	0.613610	2.113243	2.030243	0.410837	1.967028	2.146755	0.789336
nonnative2007	1.614030	1.265697	1.762648	1.515108	1.165508	1.941901	1.304093	1.132702	2.005131	1.215419	0.952561	1.900337	1.246793	1.032557	1.936093	1.160456	0.989114	1.930002	1.037825	0.855599	1.902660	1.164740	1.042195	1.966040	1.394287	1.092436	1.816919	1.057019	0.737258	1.845683	0.769535	0.687828	1.704221	0.705783	0.612747	0.874041	0.755359	0.699068	1.896680	0.887359	0.853029	1.886041	0.770229	0.734342	1.916479
all2009	1.166352	1.084282	0.769100	1.654877	1.734753	0.703410	1.895391	1.807040	1.192276	2.195138	2.198183	0.866968	2.384226	2.392766	0.676938	2.050738	1.992064	0.717987	2.264740	2.411191	0.729588	2.537105	2.616934	0.531742	2.062924	2.268696	0.409217	1.870584	1.898912	0.466981	2.050855	2.131943	0.690000	2.080260	2.121697	0.755359	1.574784	2.271538	0.781286	2.409053	2.292162	0.500255	2.098877	2.270500	0.936835
native2009	1.129142	1.030478	0.720651	1.673795	1.776617	0.670507	1.927847	1.807797	1.121374	2.188505	2.244919	0.823808	2.448365	2.462601	0.624990	2.050068	2.054730	0.667900	2.273453	2.428330	0.678716	2.613961	2.580211	0.468108	2.050301	2.361468	0.372800	1.888884	1.941753	0.421900	2.105046	2.153048	0.655562	2.126763	2.198916	0.699068	2.271537	1.625207	0.731187	2.379532	2.344061	0.446842	2.161628	2.352050	0.891595
nonnative2009	1.558729	1.217185	1.701470	1.475632	1.133430	1.941045	1.290062	1.096263	1.966259	1.220476	0.954373	1.850083	1.260327	1.030409	1.859537	1.134859	0.958902	1.861835	1.044808	0.893197	1.877578	1.196700	1.059522	1.908912	1.411128	1.093557	1.785213	1.057455	0.736888	1.800409	0.769168	0.694791	1.691013	0.712647	0.613610	1.896680	0.781287	0.731188	0.471977	0.910897	0.862085	1.833282	0.779231	0.768514	1.886462
all2011	1.294304	1.202233	0.901696	1.819068	1.874779	0.841876	2.045429	1.900596	1.354243	2.248699	2.308156	0.979018	2.520134	2.563621	0.800945	2.121822	2.078187	0.829027	2.359773	2.418929	0.844748	2.624727	2.672535	0.618428	2.220710	2.395546	0.487527	1.895960	1.917452	0.579977	2.085286	2.075724	0.803134	2.080305	2.113249	0.887359	2.409053	2.379542	0.910898	1.632914	2.391621	0.618196	2.221584	2.404180	1.061484
native2011	1.237057	1.174074	0.869460	1.777033	1.821291	0.818511	1.954694	1.837978	1.334805	2.172112	2.216305	0.954698	2.388101	2.405915	0.761555	2.081933	2.027015	0.812355	2.260371	2.405272	0.826739	2.563469	2.636684	0.625372	2.128854	2.391261	0.499741	1.787794	1.853989	0.564277	2.009547	2.043178	0.777119	2.027579	2.030248	0.853029	2.292172	2.344045	0.862085	2.391621	1.544883	0.596072	2.141151	2.340606	1.042523
nonnative2011	1.418720	1.101524	1.691136	1.290493	0.947372	1.850968	1.077275	0.906690	1.813631	0.971146	0.685156	1.802326	0.970421	0.745844	1.896093	0.909048	0.733232	1.876450	0.757465	0.561408	1.855927	0.859226	0.740025	1.936618	1.121858	0.803819	1.955872	0.863156	0.540945	1.867340	0.562920	0.471970	1.653054	0.495326	0.410837	1.886040	0.500255	0.446842	1.833282	0.618196	0.596073	0.390544	0.511324	0.491251	1.744644
all2013	1.106297	1.045255	0.795238	1.598296	1.661152	0.723069	1.809333	1.689080	1.182478	2.024539	2.038906	0.849973	2.204586	2.236020	0.683255	1.888456	1.881285	0.721704	2.124150	2.250817	0.729713	2.354687	2.355275	0.533172	1.934736	2.130032	0.427795	1.668989	1.726478	0.488575	1.926713	1.935758	0.706229	1.935608	1.967026	0.770231	2.098878	2.161633	0.779231	2.221587	2.141156	0.511324	1.371106	2.135231	0.915577
native2013	1.185354	1.114697	0.774277	1.733222	1.771156	0.698139	1.924042	1.772058	1.187181	2.212085	2.247588	0.851098	2.427481	2.455852	0.666664	2.037125	1.994812	0.696511	2.271072	2.396382	0.724800	2.542835	2.599530	0.521695	2.055505	2.256895	0.401827	1.868253	1.870129	0.455370	2.119843	2.088590	0.693857	2.141066	2.146770	0.734343	2.270499	2.352031	0.768515	2.404192	2.340621	0.491250	2.135232	1.526990	0.927830
nonnative2013	1.803000	1.507368	1.700333	1.736869	1.409431	1.864308	1.598837	1.396557	2.012757	1.463197	1.205050	1.774904	1.496475	1.308168	1.844948	1.374535	1.228652	1.826418	1.238911	1.042438	1.782542	1.410028	1.307409	1.882291	1.613048	1.317955	1.749050	1.245732	0.920804	1.732213	0.938744	0.857663	1.696635	0.880312	0.789337	1.916479	0.936832	0.891591	1.886462	1.061485	1.042521	1.744644	0.915576	0.927827	0.807354
