Phylocom output: randomization method 3, 1000 swaps/trials,  0 burnin swaps/trials, 9999 runs
plot	ntaxa	MPD	MPD.rnd	MPD.sd	NRI	MPD.rankLow	MPD.rankHi	MNTD	MNTD.rnd	MNTD.sd	NTI	MNTD.rankLo	MNTD.rankHi	runs
all1985	49	193.3140	200.8085	14.5979	0.5134	7132	2867	60.7007	54.1971	12.3410	-0.5270	2873	7126	9999
native1985	39	202.0929	198.7747	16.0882	-0.2063	4578	5421	72.2869	60.5392	14.6899	-0.7997	2076	7923	9999
nonnative1985	10	119.6607	168.4931	33.1534	1.4729	9158	841	41.6299	107.1406	36.3200	1.8037	9728	271	9999
all1986	61	196.5901	201.9035	13.2110	0.4022	6823	3176	59.8902	47.5961	10.5885	-1.1611	1321	8678	9999
native1986	52	205.8556	201.3101	13.8219	-0.3289	4082	5917	73.5406	52.2957	11.9693	-1.7749	483	9516	9999
nonnative1986	9	88.5861	163.7114	35.0429	2.1438	9696	303	27.5030	111.7850	39.1319	2.1538	9912	87	9999
all1988	92	203.2679	203.2893	11.0558	0.0019	5297	4702	37.8797	37.1361	7.7644	-0.0958	4287	5712	9999
native1988	83	206.6068	203.4464	11.2780	-0.2802	4253	5746	43.9955	39.3839	8.1904	-0.5631	2707	7292	9999
nonnative1988	9	124.4206	164.1794	34.8202	1.1418	8616	1383	34.1983	111.8044	38.9615	1.9919	9844	155	9999
all1989	88	201.1595	203.3754	11.2162	0.1976	6116	3883	36.7129	37.9156	7.9407	0.1515	5264	4735	9999
native1989	78	202.8886	203.3146	11.3255	0.0376	5522	4477	44.7358	41.0026	8.8165	-0.4234	3169	6830	9999
nonnative1989	10	102.4358	168.2005	33.0558	1.9895	9587	412	19.3038	106.3604	36.6699	2.3741	9987	12	9999
all1991	95	196.0030	203.5544	10.8259	0.6975	7645	2354	31.2975	36.4395	7.5348	0.6824	7355	2644	9999
native1991	83	195.2975	203.7038	11.1970	0.7508	7840	2159	37.1380	39.7923	8.4379	0.3146	5921	4078	9999
nonnative1991	12	85.8633	174.2074	30.7169	2.8761	9928	71	17.6681	99.6080	32.6982	2.5060	9988	11	9999
all1993	86	203.5376	203.9294	11.0826	0.0354	5517	4482	33.9036	38.6576	7.9408	0.5987	7030	2969	9999
native1993	78	204.1324	203.0780	11.4892	-0.0918	5036	4963	36.6944	40.9136	8.7382	0.4828	6606	3393	9999
nonnative1993	8	91.5618	158.8349	36.6316	1.8365	9466	533	29.7105	117.8877	41.7714	2.1109	9893	106	9999
all1995	81	184.8112	203.4826	11.2174	1.6645	9390	609	44.3154	40.3873	8.6846	-0.4523	3073	6926	9999
native1995	76	180.9928	203.3190	11.4039	1.9578	9625	374	46.8312	41.5743	8.7875	-0.5982	2668	7331	9999
nonnative1995	5	80.2739	136.1997	42.0609	1.3296	8822	1177	19.9925	146.8866	53.8850	2.3549	9950	49	9999
all1998	84	182.9626	203.3296	11.2833	1.8051	9523	476	24.0487	39.5295	8.4587	1.8302	9830	169	9999
native1998	78	179.9014	203.3492	11.7167	2.0012	9641	358	26.3420	40.8664	8.5490	1.6990	9741	258	9999
nonnative1998	6	49.6416	144.4850	40.0008	2.3710	9834	165	19.5295	134.4874	48.3868	2.3758	9973	26	9999
all2000	80	190.3891	203.2344	11.3321	1.1335	8681	1318	27.5254	40.5336	8.6372	1.5061	9500	499	9999
native2000	74	189.4783	203.0183	11.8353	1.1440	8665	1334	30.5185	42.6563	9.0608	1.3396	9242	757	9999
nonnative2000	6	10.7253	144.9556	40.1331	3.3446	9997	2	11.1390	134.0337	48.4791	2.5350	9992	7	9999
all2003	71	220.4105	203.3173	12.0016	-1.4242	569	9430	50.1577	43.6498	9.3664	-0.6948	2356	7643	9999
native2003	65	222.2777	202.6804	12.6034	-1.5549	357	9642	46.0258	45.9321	9.9875	-0.0094	4742	5257	9999
nonnative2003	6	52.5763	145.8524	39.8747	2.3392	9800	199	101.4703	135.8034	48.6854	0.7052	7524	2475	9999
all2005	89	215.4240	203.6851	11.1733	-1.0506	1434	8565	39.4794	37.9051	7.7475	-0.2032	3925	6074	9999
native2005	83	214.6692	203.7169	11.1341	-0.9837	1592	8407	39.2708	39.6184	8.3609	0.0416	4822	5177	9999
nonnative2005	6	122.9526	145.5134	39.7798	0.5671	7240	2759	140.0843	136.1979	48.9956	-0.0793	4659	5340	9999
all2007	82	214.1206	203.2247	11.1468	-0.9775	1606	8393	33.6797	39.7023	8.4255	0.7148	7494	2505	9999
native2007	78	213.4163	203.4924	11.5490	-0.8593	1978	8021	33.1403	41.1732	8.8320	0.9095	8158	1841	9999
nonnative2007	4	87.8900	121.7025	44.4532	0.7606	7626	2373	88.2877	163.2630	59.6271	1.2574	8703	1296	9999
all2009	82	201.8813	203.5949	11.4799	0.1493	5976	4023	34.2879	39.9045	8.3376	0.6736	7300	2699	9999
native2009	78	201.3595	203.1540	11.5446	0.1554	5968	4031	34.1901	41.0112	8.6788	0.7859	7740	2259	9999
nonnative2009	4	85.5538	122.5443	44.3233	0.8346	7812	2187	118.2052	163.7260	60.1354	0.7570	7833	2166	9999
all2011	75	186.6307	203.1112	11.7957	1.3972	9065	934	34.4672	42.2592	9.0294	0.8630	7993	2006	9999
native2011	72	185.9297	203.0208	11.8598	1.4411	9096	903	34.4688	42.9817	9.2266	0.9227	8143	1856	9999
nonnative2011	3	38.6337	103.0844	45.5869	1.4138	8957	1042	145.3057	188.8453	66.7284	0.6525	7419	2580	9999
all2013	84	200.1254	203.7741	11.0498	0.3302	6601	3398	34.5972	39.2887	8.1800	0.5735	6883	3116	9999
native2013	80	199.9956	203.3718	11.3710	0.2969	6444	3555	34.9291	40.5675	8.4524	0.6671	7318	2681	9999
nonnative2013	4	116.6302	122.2600	44.0124	0.1279	5835	4164	131.9379	163.9111	58.8650	0.5432	7188	2811	9999
