Phylocom output: randomization method 1, 9999 runs
plot	ntaxa	MPD	MPD.rnd	MPD.sd	NRI	MPD.rankLow	MPD.rankHi	MNTD	MNTD.rnd	MNTD.sd	NTI	MNTD.rankLo	MNTD.rankHi	runs
all1985	49	193.3140	212.3555	11.8346	1.6090	9292	707	60.7007	60.2664	13.3347	-0.0326	4502	5497	9999
native1985	39	202.0929	214.2592	11.2496	1.0815	8582	1417	72.2869	64.8092	12.2789	-0.6090	2649	7350	9999
nonnative1985	10	119.6607	124.3782	22.7138	0.2077	6098	3901	41.6299	106.3077	47.2447	1.3690	9281	718	9999
all1986	61	196.5901	212.9758	11.5815	1.4148	9061	938	59.8902	54.2576	11.9251	-0.4723	2977	7022	9999
native1986	52	205.8556	214.1280	11.0303	0.7500	7930	2069	73.5406	57.8831	11.4780	-1.3641	935	9064	9999
nonnative1986	9	88.5861	116.6125	20.9393	1.3385	8946	1053	27.5030	110.0923	48.9604	1.6869	9840	159	9999
all1988	92	203.2679	216.3345	9.5092	1.3741	8994	1005	37.8797	45.6116	9.1984	0.8406	7942	2057	9999
native1988	83	206.6068	215.4115	10.1173	0.8703	8160	1839	43.9955	47.8356	10.2501	0.3746	6125	3874	9999
nonnative1988	9	124.4206	166.5107	25.0682	1.6790	9372	627	34.1983	110.8386	36.5627	2.0961	9930	69	9999
all1989	88	201.1595	216.2685	9.7122	1.5557	9240	759	36.7129	46.7419	9.5569	1.0494	8537	1462	9999
native1989	78	202.8886	215.8149	10.1018	1.2796	8890	1109	44.7358	49.3745	10.1078	0.4589	6528	3471	9999
nonnative1989	10	102.4358	133.7836	24.4174	1.2838	8829	1170	19.3038	105.8824	44.4525	1.9477	9972	27	9999
all1991	95	196.0030	217.0119	9.3696	2.2422	9728	271	31.2975	45.2382	9.0557	1.5394	9553	446	9999
native1991	83	195.2975	216.7885	9.6107	2.2361	9712	287	37.1380	47.9412	9.3881	1.1507	8823	1176	9999
nonnative1991	12	85.8633	112.9824	18.2884	1.4829	9137	862	17.6681	98.4606	47.2326	1.7105	9972	27	9999
all1993	86	203.5376	214.2350	10.7259	0.9973	8385	1614	33.9036	47.3773	10.7794	1.2499	9144	855	9999
native1993	78	204.1324	213.0884	11.2515	0.7960	7892	2107	36.6944	49.3393	11.6732	1.0832	8765	1234	9999
nonnative1993	8	91.5618	122.0146	24.1031	1.2634	8806	1193	29.7105	116.9702	49.6767	1.7566	9806	193	9999
all1995	81	184.8112	210.1906	12.7346	1.9929	9597	402	44.3154	48.2947	12.9644	0.3069	5709	4290	9999
native1995	76	180.9928	208.5956	13.3184	2.0725	9664	335	46.8312	49.9877	14.0381	0.2249	5302	4697	9999
nonnative1995	5	80.2739	115.6858	27.2500	1.2995	8810	1189	19.9925	145.1759	57.4036	2.1808	9967	32	9999
all1998	84	182.9626	215.5763	10.2349	3.1865	9937	62	24.0487	47.6762	10.1740	2.3223	9981	18	9999
native1998	78	179.9014	215.1631	10.6853	3.3000	9945	54	26.3420	49.4491	10.5493	2.1904	9955	44	9999
nonnative1998	6	49.6416	73.3710	13.8494	1.7134	9433	566	19.5295	133.3025	64.4614	1.7650	9937	62	9999
all2000	80	190.3891	212.8113	12.1593	1.8440	9469	530	27.5254	48.6315	11.6694	1.8087	9789	210	9999
native2000	74	189.4783	213.0876	11.9415	1.9771	9559	440	30.5185	50.6250	11.9379	1.6843	9681	318	9999
nonnative2000	6	10.7253	44.0761	12.9005	2.5852	9947	52	11.1390	133.6604	70.4494	1.7391	9930	69	9999
all2003	71	220.4105	215.5313	10.3496	-0.4714	3598	6401	50.1577	51.3438	10.5437	0.1125	5150	4849	9999
native2003	65	222.2777	215.8098	10.1751	-0.6357	2820	7179	46.0258	53.1351	10.3699	0.6856	7416	2583	9999
nonnative2003	6	52.5763	78.6247	21.3944	1.2175	8608	1391	101.4703	132.7113	63.3739	0.4930	7024	2975	9999
all2005	89	215.4240	216.3221	9.8663	0.0910	5898	4101	39.4794	46.6151	9.6892	0.7365	7523	2476	9999
native2005	83	214.6692	215.6508	10.3349	0.0950	5940	4059	39.2708	48.1168	10.1575	0.8709	8036	1963	9999
nonnative2005	6	122.9526	122.3685	23.1050	-0.0253	5320	4679	140.0843	132.3612	52.8702	-0.1461	4051	5948	9999
all2007	82	214.1206	216.6430	9.5591	0.2639	6530	3469	33.6797	48.2888	9.5142	1.5355	9496	503	9999
native2007	78	213.4163	216.2053	9.8649	0.2827	6599	3400	33.1403	49.2505	9.8551	1.6347	9657	342	9999
nonnative2007	4	87.8900	108.8997	23.1592	0.9072	8204	1795	88.2877	161.9100	61.6863	1.1935	8557	1442	9999
all2009	82	201.8813	215.5085	10.3845	1.3123	8925	1074	34.2879	48.1691	10.2285	1.3571	9252	747	9999
native2009	78	201.3595	215.2596	10.5688	1.3152	8931	1068	34.1901	49.5146	10.7164	1.4300	9377	622	9999
nonnative2009	4	85.5538	91.2102	25.4878	0.2219	6221	3778	118.2052	161.3973	65.6688	0.6577	7625	2374	9999
all2011	75	186.6307	207.5755	13.2524	1.5805	9249	750	34.4672	49.9276	14.1883	1.0897	8842	1157	9999
native2011	72	185.9297	207.2264	13.5470	1.5721	9240	759	34.4688	51.0380	14.6670	1.1297	8963	1036	9999
nonnative2011	3	38.6337	40.4127	13.7372	0.1295	6491	3515	145.3057	183.4960	78.6471	0.4856	6288	3723	9999
all2013	84	200.1254	212.9914	11.4125	1.1274	8580	1419	34.5972	47.9434	11.7770	1.1332	8872	1127	9999
native2013	80	199.9956	212.7576	11.4567	1.1139	8586	1413	34.9291	49.0007	11.7856	1.1940	9003	996	9999
nonnative2013	4	116.6302	144.7283	33.2614	0.8448	8384	1616	131.9379	161.6601	53.5989	0.5545	7200	2799	9999
