Phylocom output: randomization method 1, 9999 runs
plot	ntaxa	MPD	MPD.rnd	MPD.sd	NRI	MPD.rankLow	MPD.rankHi	MNTD	MNTD.rnd	MNTD.sd	NTI	MNTD.rankLo	MNTD.rankHi	runs
all1985	49	193.3140	212.1957	11.7141	1.6119	9312	687	60.7007	60.2749	13.4213	-0.0317	4507	5492	9999
native1985	39	202.0929	214.3939	11.3163	1.0870	8578	1421	72.2869	64.9920	12.3347	-0.5914	2688	7311	9999
nonnative1985	10	119.6607	124.1656	22.7968	0.1976	6055	3944	41.6299	106.4889	46.8888	1.3833	9332	667	9999
all1986	61	196.5901	212.9232	11.5973	1.4084	9053	946	59.8902	54.4255	12.1016	-0.4516	3040	6959	9999
native1986	52	205.8556	214.4928	11.1441	0.7751	8004	1995	73.5406	58.1652	11.7404	-1.3096	1026	8973	9999
nonnative1986	9	88.5861	117.0760	20.9997	1.3567	8975	1024	27.5030	111.1266	48.7450	1.7155	9857	142	9999
all1988	92	203.2679	216.2716	9.4488	1.3762	9011	988	37.8797	45.5310	9.1547	0.8358	7927	2072	9999
native1988	83	206.6068	215.5229	10.1094	0.8820	8128	1871	43.9955	48.0767	10.2628	0.3977	6183	3816	9999
nonnative1988	9	124.4206	166.9761	24.7016	1.7228	9369	630	34.1983	111.5347	36.7401	2.1050	9916	83	9999
all1989	88	201.1595	216.3813	9.7221	1.5657	9241	758	36.7129	46.8111	9.7008	1.0410	8524	1475	9999
native1989	78	202.8886	215.9132	10.1928	1.2778	8878	1121	44.7358	49.3571	10.1894	0.4535	6499	3500	9999
nonnative1989	10	102.4358	133.7391	24.6096	1.2720	8810	1189	19.3038	106.2727	44.4964	1.9545	9968	31	9999
all1991	95	196.0030	217.2918	9.2899	2.2916	9757	242	31.2975	45.2378	9.0577	1.5391	9537	462	9999
native1991	83	195.2975	216.6603	9.6553	2.2126	9729	270	37.1380	48.1235	9.5402	1.1515	8795	1204	9999
nonnative1991	12	85.8633	112.9188	18.5550	1.4581	9147	852	17.6681	98.8498	47.4115	1.7123	9966	33	9999
all1993	86	203.5376	214.1267	10.7661	0.9836	8366	1633	33.9036	47.1099	10.8926	1.2124	9131	868	9999
native1993	78	204.1324	213.1088	11.2084	0.8009	7964	2035	36.6944	49.4730	11.6330	1.0985	8810	1189	9999
nonnative1993	8	91.5618	121.9392	23.9422	1.2688	8833	1166	29.7105	117.4400	49.8928	1.7584	9839	160	9999
all1995	81	184.8112	210.2963	12.7915	1.9924	9604	395	44.3154	48.7216	13.1419	0.3353	5773	4226	9999
native1995	76	180.9928	208.4439	13.4038	2.0480	9632	367	46.8312	49.8049	14.0288	0.2120	5266	4733	9999
nonnative1995	5	80.2739	115.9693	27.3017	1.3074	8816	1183	19.9925	146.0646	58.4177	2.1581	9955	44	9999
all1998	84	182.9626	215.6252	10.4276	3.1323	9929	70	24.0487	47.4574	10.0317	2.3335	9985	14	9999
native1998	78	179.9014	215.2855	10.5473	3.3548	9949	50	26.3420	49.2485	10.5406	2.1732	9963	36	9999
nonnative1998	6	49.6416	73.2233	13.9176	1.6944	9418	581	19.5295	132.9581	64.0841	1.7700	9933	66	9999
all2000	80	190.3891	212.8956	12.0176	1.8728	9495	504	27.5254	48.6058	11.6143	1.8150	9811	188	9999
native2000	74	189.4783	213.2111	11.8472	2.0032	9567	432	30.5185	50.5372	11.6935	1.7119	9706	293	9999
nonnative2000	6	10.7253	43.9314	12.9624	2.5617	9934	65	11.1390	133.5709	70.2656	1.7424	9923	76	9999
all2003	71	220.4105	215.6260	10.3951	-0.4603	3661	6338	50.1577	51.4239	10.4922	0.1207	5196	4803	9999
native2003	65	222.2777	215.9606	10.0942	-0.6258	2928	7071	46.0258	53.2389	10.2901	0.7010	7467	2532	9999
nonnative2003	6	52.5763	78.5986	21.5259	1.2089	8577	1422	101.4703	133.5102	63.9301	0.5012	7089	2910	9999
all2005	89	215.4240	216.1968	9.9909	0.0774	5900	4099	39.4794	46.4603	9.6341	0.7246	7504	2495	9999
native2005	83	214.6692	215.7445	10.2442	0.1050	6007	3992	39.2708	48.2602	10.2476	0.8772	8043	1956	9999
nonnative2005	6	122.9526	122.7343	23.1689	-0.0094	5458	4541	140.0843	133.3367	53.5604	-0.1260	4141	5858	9999
all2007	82	214.1206	216.7533	9.5574	0.2755	6549	3450	33.6797	48.3298	9.4846	1.5446	9531	468	9999
native2007	78	213.4163	216.1501	9.9459	0.2749	6604	3395	33.1403	49.1663	9.7898	1.6370	9632	367	9999
nonnative2007	4	87.8900	108.9871	22.9781	0.9181	8241	1758	88.2877	160.7740	61.9515	1.1700	8513	1487	9999
all2009	82	201.8813	215.3378	10.3939	1.2947	8859	1140	34.2879	48.3149	10.2662	1.3663	9266	733	9999
native2009	78	201.3595	215.3526	10.4638	1.3373	8964	1035	34.1901	49.3324	10.4732	1.4458	9415	584	9999
nonnative2009	4	85.5538	91.3240	25.5070	0.2262	6185	3814	118.2052	161.4468	65.5725	0.6594	7620	2379	9999
all2011	75	186.6307	207.8531	13.2189	1.6055	9276	723	34.4672	50.1942	14.3597	1.0952	8880	1119	9999
native2011	72	185.9297	207.6205	13.2581	1.6360	9328	671	34.4688	51.0839	14.6062	1.1375	9021	978	9999
nonnative2011	3	38.6337	40.5051	13.7479	0.1361	6503	3509	145.3057	185.0847	79.7001	0.4991	6380	3640	9999
all2013	84	200.1254	212.8949	11.4566	1.1146	8598	1401	34.5972	47.7885	11.7436	1.1233	8855	1144	9999
native2013	80	199.9956	212.6594	11.5193	1.0994	8560	1439	34.9291	48.8804	11.9175	1.1707	8981	1018	9999
nonnative2013	4	116.6302	144.7993	32.8743	0.8569	8379	1620	131.9379	161.8798	53.2237	0.5626	7183	2816	9999
