Phylocom output: randomization method 2, 9999 runs
plot	ntaxa	MPD	MPD.rnd	MPD.sd	NRI	MPD.rankLow	MPD.rankHi	MNTD	MNTD.rnd	MNTD.sd	NTI	MNTD.rankLo	MNTD.rankHi	runs
all1985	49	193.3140	251.7858	37.3738	1.5645	9996	3	60.7007	85.4657	25.0726	0.9877	8908	1091	9999
native1985	39	202.0929	254.5044	34.7169	1.5097	9958	41	72.2869	92.2787	23.0658	0.8667	8117	1882	9999
nonnative1985	10	119.6607	146.8362	48.6962	0.5581	7778	2221	41.6299	135.3951	77.8881	1.2038	9755	244	9999
all1986	61	196.5901	253.4201	35.6569	1.5938	9988	11	59.8902	79.3366	22.4464	0.8663	8387	1612	9999
native1986	52	205.8556	254.7230	34.0488	1.4352	9949	50	73.5406	83.8374	21.4783	0.4794	6522	3477	9999
nonnative1986	9	88.5861	139.1426	47.3996	1.0666	9673	326	27.5030	142.5417	84.9252	1.3546	9967	32	9999
all1988	92	203.2679	257.4648	30.2582	1.7911	9996	3	37.8797	68.2240	17.3355	1.7504	9969	30	9999
native1988	83	206.6068	255.3727	32.0624	1.5210	9974	25	43.9955	70.4843	18.9181	1.4002	9800	199	9999
nonnative1988	9	124.4206	197.6184	59.4571	1.2311	9822	177	34.1983	142.6645	63.7693	1.7009	9983	16	9999
all1989	88	201.1595	256.7937	31.6484	1.7579	9999	0	36.7129	69.2730	17.7694	1.8324	9981	18	9999
native1989	78	202.8886	256.1880	32.3712	1.6465	9982	17	44.7358	72.6260	19.1686	1.4550	9805	194	9999
nonnative1989	10	102.4358	158.2969	54.0440	1.0336	9541	458	19.3038	137.8506	77.8964	1.5219	9998	1	9999
all1991	95	196.0030	256.9657	29.7950	2.0461	9998	1	31.2975	66.8289	16.2892	2.1813	9998	1	9999
native1991	83	195.2975	256.9435	30.7623	2.0039	9999	0	37.1380	70.5713	17.5839	1.9014	9988	11	9999
nonnative1991	12	85.8633	134.0002	42.3684	1.1361	9786	213	17.6681	129.4926	83.3777	1.3412	9995	4	9999
all1993	86	203.5376	254.1634	33.4408	1.5139	9985	14	33.9036	69.7078	19.8560	1.8032	9990	9	9999
native1993	78	204.1324	252.5337	34.2572	1.4129	9960	39	36.6944	72.1194	21.0609	1.6820	9981	18	9999
nonnative1993	8	91.5618	144.3992	51.5622	1.0247	9477	522	29.7105	149.5264	84.1712	1.4235	9951	48	9999
all1995	81	184.8112	249.4939	37.8093	1.7108	9997	2	44.3154	71.5863	24.0033	1.1361	9505	494	9999
native1995	76	180.9928	246.0945	38.3859	1.6960	9999	0	46.8312	72.7412	24.9321	1.0392	9284	715	9999
nonnative1995	5	80.2739	137.2651	54.3572	1.0485	9375	624	19.9925	176.3681	87.4769	1.7876	9990	9	9999
all1998	84	182.9626	256.0475	32.2663	2.2651	9999	0	24.0487	70.6821	18.4685	2.5250	9999	0	9999
native1998	78	179.9014	255.1914	33.2680	2.2631	9999	0	26.3420	72.6558	19.5954	2.3635	9999	0	9999
nonnative1998	6	49.6416	86.7805	30.8849	1.2025	9835	164	19.5295	164.3738	101.6569	1.4248	9967	32	9999
all2000	80	190.3891	252.5354	36.3757	1.7085	9994	5	27.5254	71.7973	21.7128	2.0390	9996	3	9999
native2000	74	189.4783	252.5269	36.5051	1.7271	9999	0	30.5185	73.7554	21.7695	1.9861	9996	3	9999
nonnative2000	6	10.7253	51.6815	23.1859	1.7664	9977	22	11.1390	166.2551	110.8162	1.3998	9975	24	9999
all2003	71	220.4105	255.8013	33.1257	1.0684	9532	467	50.1577	75.0323	19.5627	1.2715	9471	528	9999
native2003	65	222.2777	255.8200	32.0649	1.0461	9365	634	46.0258	77.4129	19.2508	1.6304	9868	131	9999
nonnative2003	6	52.5763	93.4556	41.1777	0.9928	9246	753	101.4703	164.4070	101.5860	0.6195	8039	1960	9999
all2005	89	215.4240	256.1627	31.0633	1.3115	9884	115	39.4794	68.7148	17.8747	1.6356	9921	78	9999
native2005	83	214.6692	255.4557	32.4985	1.2550	9864	135	39.2708	70.4191	18.6390	1.6711	9940	59	9999
nonnative2005	6	122.9526	145.3837	50.4321	0.4448	7067	2932	140.0843	164.3701	84.4642	0.2875	5855	4144	9999
all2007	82	214.1206	256.8358	30.5555	1.3980	9937	62	33.6797	70.9257	17.5475	2.1226	9996	3	9999
native2007	78	213.4163	256.7038	31.9353	1.3555	9921	78	33.1403	72.8564	18.4889	2.1481	9998	1	9999
nonnative2007	4	87.8900	129.3697	48.6025	0.8534	9052	947	88.2877	193.1222	92.3364	1.1354	9188	811	9999
all2009	82	201.8813	255.5065	32.2808	1.6612	9995	4	34.2879	71.0679	18.8394	1.9523	9992	7	9999
native2009	78	201.3595	255.7864	33.1249	1.6431	9988	11	34.1901	72.7478	19.6578	1.9614	9995	4	9999
nonnative2009	4	85.5538	108.0609	47.3714	0.4751	7177	2822	118.2052	191.8405	96.5597	0.7626	8474	1525	9999
all2011	75	186.6307	246.6252	40.1929	1.4927	9995	4	34.4672	73.8040	27.2387	1.4442	9973	26	9999
native2011	72	185.9297	247.0040	41.4865	1.4721	9991	8	34.4688	74.7950	27.6394	1.4590	9980	19	9999
nonnative2011	3	38.6337	47.8363	23.9391	0.3844	7186	2822	145.3057	216.7829	115.5927	0.6184	7210	2803	9999
all2013	84	200.1254	252.5944	35.9206	1.4607	9987	12	34.5972	70.6268	21.9821	1.6390	9982	17	9999
native2013	80	199.9956	252.9242	36.5268	1.4490	9991	8	34.9291	71.9325	22.3079	1.6588	9986	13	9999
nonnative2013	4	116.6302	171.3682	66.4044	0.8243	9040	959	131.9379	192.4315	77.5323	0.7802	8282	1717	9999
