Phylocom output: randomization method 0, 9999 runs
plot	ntaxa	MPD	MPD.rnd	MPD.sd	NRI	MPD.rankLow	MPD.rankHi	MNTD	MNTD.rnd	MNTD.sd	NTI	MNTD.rankLo	MNTD.rankHi	runs
all1985	49	193.3140	257.0474	39.2488	1.6238	9991	8	60.7007	87.5546	25.7266	1.0438	9074	925	9999
native1985	39	202.0929	260.2587	37.4327	1.5539	9975	24	72.2869	94.4523	23.7040	0.9351	8377	1622	9999
nonnative1985	10	119.6607	150.3517	53.3706	0.5751	7869	2130	41.6299	141.4737	86.4522	1.1549	9761	238	9999
all1986	61	196.5901	256.6282	37.2936	1.6099	9993	6	59.8902	81.0451	23.4899	0.9006	8591	1408	9999
native1986	52	205.8556	257.7139	36.0803	1.4373	9954	45	73.5406	85.5450	22.8300	0.5258	6757	3242	9999
nonnative1986	9	88.5861	140.7888	49.6962	1.0504	9654	345	27.5030	145.3389	89.3022	1.3195	9973	26	9999
all1988	92	203.2679	259.2407	31.6180	1.7703	9998	1	37.8797	68.7636	17.4447	1.7704	9972	27	9999
native1988	83	206.6068	257.5414	33.4400	1.5232	9983	16	43.9955	71.4993	19.3857	1.4188	9813	186	9999
nonnative1988	9	124.4206	199.7175	61.4392	1.2256	9819	180	34.1983	144.8562	65.7455	1.6831	9987	12	9999
all1989	88	201.1595	258.2438	31.7817	1.7961	9998	1	36.7129	69.9266	17.9698	1.8483	9982	17	9999
native1989	78	202.8886	257.3180	32.1791	1.6915	9989	10	44.7358	73.0680	18.7281	1.5128	9834	165	9999
nonnative1989	10	102.4358	160.0244	55.7796	1.0324	9547	452	19.3038	140.2709	81.2373	1.4891	9995	4	9999
all1991	95	196.0030	258.4485	30.0070	2.0810	9999	0	31.2975	67.4792	16.3402	2.2143	9998	1	9999
native1991	83	195.2975	257.5941	30.2632	2.0585	9999	0	37.1380	71.0641	17.1938	1.9732	9981	18	9999
nonnative1991	12	85.8633	135.3939	45.4494	1.0898	9812	187	17.6681	132.9615	89.5068	1.2881	9996	3	9999
all1993	86	203.5376	255.1356	33.4338	1.5433	9990	9	33.9036	70.3536	19.8586	1.8355	9984	15	9999
native1993	78	204.1324	253.4625	34.5391	1.4282	9973	26	36.6944	72.8897	21.3700	1.6937	9979	20	9999
nonnative1993	8	91.5618	145.1402	53.6532	0.9986	9450	549	29.7105	150.8343	87.5861	1.3829	9956	43	9999
all1995	81	184.8112	249.6628	37.6980	1.7203	9996	3	44.3154	71.4680	23.3548	1.1626	9564	435	9999
native1995	76	180.9928	247.0326	39.1835	1.6854	9998	1	46.8312	73.0711	25.2371	1.0397	9335	664	9999
nonnative1995	5	80.2739	138.3029	55.9763	1.0367	9348	651	19.9925	178.6744	92.4978	1.7155	9990	9	9999
all1998	84	182.9626	256.1281	32.2147	2.2712	9999	0	24.0487	70.4980	18.1986	2.5524	9999	0	9999
native1998	78	179.9014	255.1403	32.9489	2.2835	9999	0	26.3420	72.3790	19.0250	2.4198	9999	0	9999
nonnative1998	6	49.6416	87.6012	32.5052	1.1678	9834	165	19.5295	167.7395	106.9470	1.3858	9991	8	9999
all2000	80	190.3891	253.3011	37.0921	1.6961	9997	2	27.5254	72.2193	21.7515	2.0547	9999	0	9999
native2000	74	189.4783	253.0312	36.2494	1.7532	9994	5	30.5185	74.0008	21.5164	2.0209	9995	4	9999
nonnative2000	6	10.7253	52.5333	24.4813	1.7078	9985	14	11.1390	168.8160	116.5295	1.3531	9980	19	9999
all2003	71	220.4105	256.8268	33.2111	1.0965	9592	407	50.1577	75.5695	19.8412	1.2808	9508	491	9999
native2003	65	222.2777	256.9044	32.0996	1.0787	9495	504	46.0258	77.6182	18.9907	1.6636	9897	102	9999
nonnative2003	6	52.5763	94.5351	41.9940	0.9992	9289	710	101.4703	168.5760	105.2345	0.6377	8219	1780	9999
all2005	89	215.4240	256.5219	30.6880	1.3392	9912	87	39.4794	68.9021	17.5040	1.6809	9911	88	9999
native2005	83	214.6692	255.6320	31.5723	1.2974	9891	108	39.2708	70.6900	18.3838	1.7091	9940	59	9999
nonnative2005	6	122.9526	147.1519	53.1152	0.4556	7126	2873	140.0843	167.9984	88.7528	0.3145	5928	4071	9999
all2007	82	214.1206	256.8184	30.3219	1.4081	9939	60	33.6797	70.9230	17.2135	2.1636	9996	3	9999
native2007	78	213.4163	256.1510	31.0327	1.3771	9926	73	33.1403	72.2199	17.9247	2.1802	9997	2	9999
nonnative2007	4	87.8900	130.1774	50.5588	0.8364	9055	944	88.2877	194.8018	96.1301	1.1080	9168	831	9999
all2009	82	201.8813	255.0775	32.1134	1.6565	9992	7	34.2879	70.7348	18.5399	1.9659	9993	6	9999
native2009	78	201.3595	254.6551	32.5191	1.6389	9991	8	34.1901	72.0296	19.0344	1.9880	9994	5	9999
nonnative2009	4	85.5538	110.2421	50.7437	0.4865	7217	2782	118.2052	196.4846	103.1105	0.7592	8454	1545	9999
all2011	75	186.6307	245.5510	38.6262	1.5254	9996	3	34.4672	72.8442	25.7078	1.4928	9965	34	9999
native2011	72	185.9297	245.0430	38.9401	1.5181	9994	5	34.4688	73.9439	26.2882	1.5016	9975	24	9999
nonnative2011	3	38.6337	49.1991	25.4644	0.4149	7262	2745	145.3057	220.8250	119.4577	0.6322	7292	2718	9999
all2013	84	200.1254	251.5705	34.4657	1.4926	9987	12	34.5972	69.8836	20.9621	1.6833	9981	18	9999
native2013	80	199.9956	251.4338	34.5935	1.4869	9987	12	34.9291	71.1644	21.2972	1.7014	9985	14	9999
nonnative2013	4	116.6302	173.4299	70.2632	0.8084	9066	933	131.9379	195.3662	81.8116	0.7753	8256	1743	9999
