#ObservedComdistNT
.	all1985	native1985	nonnative1985	all1986	native1986	nonnative1986	all1988	native1988	nonnative1988	all1989	native1989	nonnative1989	all1991	native1991	nonnative1991	all1993	native1993	nonnative1993	all1995	native1995	nonnative1995	all1998	native1998	nonnative1998	all2000	native2000	nonnative2000	all2003	native2003	nonnative2003	all2005	native2005	nonnative2005	all2007	native2007	nonnative2007	all2009	native2009	nonnative2009	all2011	native2011	nonnative2011	all2013	native2013	nonnative2013
all1985	60.700657	12.336418	49.123466	12.937611	25.630142	61.091316	12.292706	22.277607	61.551140	15.011510	25.338718	50.866814	17.262938	26.659407	51.270805	18.217445	31.483353	48.566319	21.147306	33.122440	61.649078	22.441061	32.051151	51.302994	24.823442	37.640415	51.633362	26.019684	36.318195	71.396431	31.695084	41.028252	63.467415	28.918266	38.428982	62.116974	31.248415	39.207458	64.860939	38.834877	46.738121	65.170738	41.616650	49.363605	52.236099
native1985	12.336416	72.286942	112.841019	24.935789	18.328745	124.867523	19.407818	16.737831	119.767181	24.335871	21.303562	106.255753	22.533045	19.865019	104.942894	24.945864	24.091259	102.684692	25.891766	24.585705	119.151642	23.391584	23.061625	107.053070	28.846552	26.628393	111.979080	29.154821	25.513477	124.788048	33.538605	32.642609	111.922150	31.401829	31.120428	112.020721	32.764481	32.501537	119.323868	41.289246	41.088512	125.851646	45.041458	45.041420	91.843552
nonnative1985	49.123444	112.840988	41.629894	45.430916	95.219528	7.316028	45.637577	82.884407	7.858873	38.690262	76.036568	2.583839	50.908146	85.474190	14.836473	45.116337	90.216789	6.271447	45.815525	87.052231	10.213714	57.035164	88.240692	17.292065	61.222908	102.119583	16.594845	65.635948	104.271942	32.708416	61.258770	95.368141	25.905209	56.767090	90.379517	25.111889	61.646889	90.523331	20.981558	59.767189	88.348770	21.484808	60.990879	89.266502	27.822750
all1986	12.937610	24.935793	45.430931	59.890213	9.033799	55.183514	3.304942	11.511232	56.072227	5.181231	13.291595	43.855404	8.247178	15.945393	41.734001	5.955477	16.016928	43.160370	7.484351	16.536850	57.020912	12.778044	20.326191	46.896671	10.645421	19.619272	46.459820	14.489632	23.227047	56.601051	18.985323	27.246037	48.939529	20.217861	28.346577	59.148308	19.676289	26.688347	59.959042	20.366037	27.291862	60.429287	23.542643	30.349321	47.081593
native1986	25.630157	18.328754	95.219597	9.033803	73.540573	112.026237	8.150067	3.914137	109.533897	11.393605	6.277308	94.814835	11.642318	8.125964	87.730629	9.528849	6.912848	91.365128	11.501704	8.437590	111.053391	15.457817	13.938403	94.831528	15.405897	11.126662	96.552719	21.312067	16.405346	111.821899	21.617300	20.583366	92.511398	22.913826	22.085794	105.821404	22.120365	21.658182	109.491539	22.787542	22.441807	113.215729	25.683403	25.618267	79.104973
nonnative1986	61.091309	124.867523	7.316031	55.183517	112.026176	27.503016	62.032078	106.822060	1.069272	59.763836	104.482590	1.659829	65.629578	105.581139	13.011864	65.447739	114.182472	8.513024	61.908443	107.627312	2.601939	65.856743	100.999283	14.739939	65.252930	110.101051	14.636218	80.137474	127.502151	13.343943	85.902885	124.799400	29.284277	88.178413	126.899307	15.247847	80.639244	113.550034	9.600736	71.337860	103.465828	11.759762	79.736153	111.087395	28.466497
all1988	12.292697	19.407806	45.637562	3.304939	8.150059	62.032036	37.879677	3.864884	61.702724	3.151127	6.586833	43.643185	3.447567	6.752161	39.116650	2.478925	7.367507	41.296349	5.099549	9.880621	63.291229	7.291012	10.852962	45.090611	7.497034	11.584163	44.338177	9.174230	12.872513	59.857384	8.609318	12.047585	46.930157	9.171810	12.642452	62.773636	10.827447	13.813664	66.007645	11.983940	14.891396	66.505585	13.035479	15.884908	44.457855
native1988	22.277582	16.737818	82.884377	11.511221	3.914130	106.821945	3.864883	43.995541	102.821121	8.753572	3.519374	86.002388	6.515910	2.681079	79.546700	5.936333	3.062182	83.029160	8.673620	5.707302	109.746208	9.518979	7.918375	87.297729	12.225414	7.481280	88.638306	15.078104	9.705665	108.307312	9.546957	8.262317	84.273819	9.869498	8.905118	102.890831	11.137602	10.633256	108.504326	12.413380	12.036942	112.228508	12.981121	12.898731	70.830093
nonnative1988	61.551132	119.767181	7.858875	56.072224	109.533836	1.069272	61.702759	102.821220	34.198288	60.371418	98.691360	2.267410	68.330185	102.137428	16.259153	65.474998	108.779312	8.849749	61.973911	105.134949	2.962965	68.015221	96.716507	17.740673	67.966156	105.839767	19.693176	83.763657	122.931450	19.307220	89.203545	119.903175	35.247555	90.551498	121.522507	18.475016	83.637939	109.724159	13.507788	74.626678	99.639946	17.747345	82.868080	107.261513	33.774197
all1989	15.011501	24.335865	38.690266	5.181230	11.393598	59.763821	3.151129	8.753578	60.371403	36.712864	4.579616	36.789337	6.225601	11.210141	36.366673	8.049594	14.379431	36.129471	15.888881	22.633402	60.944565	13.518277	18.786484	39.733463	15.913525	22.679581	39.354733	14.996920	21.061153	58.721760	11.497358	16.633118	38.532078	8.141617	13.127876	62.960365	13.424701	17.819210	63.235394	14.065888	18.328598	64.183441	15.355019	19.559649	40.569241
native1989	25.338724	21.303564	76.036606	13.291597	6.277307	104.482613	6.586839	3.519377	98.691391	4.579618	44.735786	74.513321	9.630920	6.499181	75.711708	11.252610	9.077019	75.076401	19.508959	17.742878	104.444275	16.011641	14.769358	82.391266	21.662848	18.124718	85.125778	21.511375	16.834761	109.622208	13.359262	12.168767	77.347908	9.332661	8.376706	102.903648	14.819170	14.357106	106.903587	15.553163	15.186855	112.260414	16.466545	16.388475	68.463875
nonnative1989	50.866810	106.255768	2.583839	43.855408	94.814804	1.659829	43.643208	86.002472	2.267410	36.789345	74.513344	19.303751	43.749653	79.289406	5.366254	43.392021	85.149384	1.488439	44.216133	86.661201	2.453044	49.148605	81.874046	6.831570	51.944805	92.965446	11.325473	53.059494	93.903191	13.101012	51.408848	86.746498	14.124580	47.139122	82.335838	10.980986	51.933144	82.339302	6.125666	49.856503	79.199181	12.290128	51.110500	80.017990	23.443222
all1991	17.262930	22.533037	50.908150	8.247175	11.642309	65.629570	3.447569	6.515913	68.330177	6.225601	9.630916	43.749649	31.297522	3.687600	35.743504	3.825203	8.162140	40.965839	3.688791	7.598668	61.289585	4.041182	8.077330	42.115768	5.106103	9.671384	41.338913	5.876379	10.103951	56.447632	6.718856	10.869004	40.380730	5.844250	9.892540	61.076145	6.569997	10.076919	61.197300	8.999625	12.475968	61.589405	9.524502	12.956676	42.265411
native1991	26.659382	19.865002	85.474174	15.945384	8.125954	105.581062	6.752162	2.681079	102.137360	11.210136	6.499177	79.289345	3.687599	37.137981	74.467926	6.959344	4.169641	78.398727	6.755381	3.877922	101.305931	6.449249	4.783027	83.884415	10.615694	5.769182	86.264572	12.103889	6.428134	105.253181	8.750031	7.425871	79.155632	7.199954	6.215661	99.360329	7.657218	7.094555	104.681473	10.352446	9.946572	108.371864	10.423697	10.319440	73.476456
nonnative1991	51.270779	104.942841	14.836473	41.733982	87.730560	13.011861	39.116650	79.546753	16.259151	36.366669	75.711685	5.366253	35.743504	74.467949	17.668079	38.555027	79.913658	5.881557	43.527359	83.123619	9.144234	38.577869	73.564072	6.608110	39.883747	82.869339	8.464807	44.749046	88.216156	11.489075	44.598167	83.530663	11.291202	43.410019	81.880051	11.526917	47.463982	80.671295	7.984118	45.802452	78.375175	11.411375	47.956467	80.114952	13.104351
all1993	18.217451	24.945860	45.116348	5.955476	9.528848	65.447746	2.478926	5.936339	65.475021	8.049593	11.252606	43.392017	3.825204	6.959348	38.555046	33.903614	3.619017	41.369080	1.836817	5.436865	65.095734	3.332319	6.679827	43.450035	3.405998	7.218894	43.202206	6.560993	8.830325	72.122452	3.323329	6.557005	50.470074	3.755409	7.275533	63.923279	4.778707	7.815868	66.862122	6.776052	9.761808	67.544388	6.698727	9.672094	43.748997
native1993	31.483364	24.091272	90.216812	16.016932	6.912846	114.182487	7.367513	3.062186	108.779343	14.379439	9.077021	85.149384	8.162141	4.169645	79.913658	3.619018	36.694355	84.195198	5.347575	2.042305	110.082527	6.127295	3.750224	91.281487	9.809295	3.782710	94.487999	12.211781	5.668241	116.563683	4.692136	3.092753	86.718956	5.184956	3.968840	107.936462	5.546308	4.956560	111.256531	7.348974	6.893748	117.602905	6.895800	6.794625	73.768768
nonnative1993	48.566319	102.684692	6.271450	43.160378	91.365105	8.513024	41.296379	83.029236	8.849751	36.129486	75.076401	1.488439	40.965851	78.398804	5.881559	41.369091	84.195206	29.710499	43.954975	85.254272	6.010654	44.660801	80.664757	1.376094	46.253300	90.907509	5.465054	50.432083	93.051392	21.325071	48.556980	86.763710	16.064577	43.683113	82.186844	6.628176	50.185108	83.055130	7.567283	48.776001	80.692162	12.483320	50.324623	82.076019	14.977108
all1995	21.147320	25.891779	45.815552	7.484354	11.501704	61.908478	5.099552	8.673635	61.973942	15.888894	19.508970	44.216156	3.688793	6.755387	43.527397	1.836818	5.347575	43.954987	44.315437	3.429964	61.081161	1.439741	4.477217	45.291973	3.020641	6.584935	44.756977	4.658913	6.749888	67.850212	2.914743	5.983185	48.717457	4.029261	7.408907	62.708439	3.084505	6.013501	62.031624	6.075193	8.948877	62.713352	6.101779	8.942135	46.419521
native1995	33.122410	24.585684	87.052155	16.536840	8.437578	107.627167	9.880617	5.707303	105.134827	22.633389	17.742867	86.661049	7.598664	3.877922	83.123497	5.436861	2.042302	85.254158	3.429960	46.831249	105.870537	4.344815	2.187788	87.584435	8.504360	3.318848	89.218010	9.779655	4.103510	106.064522	4.109300	2.717873	79.787323	5.463428	4.403549	102.208206	3.775688	3.235966	102.995392	6.563639	6.175024	106.719574	6.240471	6.152033	73.215988
nonnative1995	61.649071	119.151634	10.213715	57.020908	111.053337	2.601939	63.291264	109.746330	2.962965	60.944580	104.444252	2.453044	61.289604	101.306007	9.144236	65.095741	110.082527	6.010653	61.081131	105.870628	19.992504	58.903278	95.741302	4.935224	57.954433	104.121208	8.479671	75.764290	122.641357	18.998650	81.308983	120.823273	30.909910	81.720581	122.148659	5.589634	75.895920	110.054550	1.633602	67.748505	100.600677	7.544413	76.285194	108.647766	22.367424
all1998	22.441072	23.391596	57.035233	12.778054	15.457818	65.856773	7.291022	9.518999	68.015266	13.518293	16.011652	49.148651	4.041185	6.449259	38.577927	3.332321	6.127299	44.660831	1.439742	4.344821	58.903320	24.048660	2.301266	45.613106	1.675702	4.436023	44.869823	2.704284	4.054404	62.106476	4.408047	6.792081	49.076859	3.889982	6.557465	56.734020	3.191981	5.419900	58.797302	5.858644	8.088164	59.676220	6.063003	8.272476	46.769772
native1998	32.051155	23.061626	88.240730	20.326187	13.938396	100.999321	10.852966	7.918384	96.716568	18.786486	14.769357	81.874084	8.077331	4.783031	73.564133	6.679827	3.750223	80.664795	4.477215	2.187789	95.741379	2.301264	26.341999	86.635902	7.207258	1.846602	88.779739	7.493637	1.602877	99.224304	5.758425	4.363904	80.333763	5.183156	4.160344	93.888382	3.828876	3.306800	95.817757	6.355286	5.956602	101.767052	6.277378	6.185853	72.926315
nonnative1998	51.302971	107.053040	17.292067	46.896660	94.831474	14.739936	45.090630	87.297791	17.740669	39.733467	82.391243	6.831569	42.115772	83.884460	6.608111	43.450031	91.281479	1.376093	45.291946	87.584549	4.935224	45.613060	86.635834	19.529537	47.031101	98.033348	1.931444	52.400620	101.445122	15.239498	52.738804	96.602394	13.103677	47.760830	92.109177	2.722529	53.593666	91.056381	4.752691	52.722797	89.686378	6.425332	54.757214	91.436096	10.909361
all2000	24.823421	28.846537	61.222889	10.645411	15.405880	65.252907	7.497034	12.225418	67.966125	15.913517	21.662834	51.944767	5.106101	10.615692	39.883743	3.405996	9.809287	46.253265	3.020637	8.504360	57.954395	1.675700	7.207254	47.031078	27.525408	6.309046	45.229530	2.725428	7.793343	58.941360	4.975146	11.040435	50.103539	5.084311	11.392757	54.978733	5.297178	10.714045	57.392857	8.880892	14.319493	57.330658	10.002973	15.411408	46.870636
native2000	37.640427	26.628391	102.119606	19.619268	11.126658	110.101036	11.584167	7.481286	105.839775	22.679586	18.124714	92.965431	9.671386	5.769185	82.869370	7.218894	3.782709	90.907494	6.584932	3.318850	104.121208	4.436018	1.846602	98.033363	6.309050	30.518539	99.587067	8.291886	1.690310	105.791000	6.815207	5.200362	90.238426	6.758023	5.551741	102.150246	6.397534	5.767858	106.901031	9.966307	9.509542	111.574692	10.821276	10.711473	84.237297
nonnative2000	51.633358	111.979080	16.594851	46.459820	96.552681	14.636218	44.338207	88.638374	19.693176	39.354740	85.125793	11.325473	41.338921	86.264633	8.464808	43.202209	94.487999	5.465054	44.756958	89.218155	8.479671	44.869793	88.779701	1.931444	45.229557	99.587090	11.139017	49.709110	102.824242	12.064984	48.369492	96.923225	10.367872	44.581879	92.764557	5.507269	49.829617	91.083626	4.538600	47.649220	88.656776	2.892742	49.292713	89.991005	9.142587
all2003	26.019657	29.154802	65.635887	14.489621	21.312040	80.137413	9.174227	15.078104	83.763603	14.996914	21.511366	53.059464	5.876375	12.103889	44.749031	6.560990	12.211769	50.432045	4.658907	9.779657	75.764236	2.704281	7.493632	52.400585	2.725428	8.291881	49.709076	50.157684	5.682284	66.178757	2.774461	8.463416	47.445812	5.117970	10.538240	73.178482	3.731358	8.691023	72.709251	7.025076	11.998323	72.971626	8.775805	13.380575	53.564789
native2003	36.318180	25.513470	104.271904	23.227047	16.405333	127.502106	12.872519	9.705670	122.931396	21.061155	16.834759	93.903130	10.103952	6.428137	88.216103	8.830325	5.668238	93.051361	6.749882	4.103513	122.641312	4.054400	1.602877	101.445084	7.793345	1.690310	102.824188	5.682286	46.025791	117.994049	4.291188	2.903395	88.220711	5.097823	3.985564	119.306702	4.410751	3.839888	122.100937	7.757064	7.317742	128.859436	8.782445	8.691313	86.161949
nonnative2003	71.396385	124.788025	32.708424	56.601051	111.821892	13.343942	59.857422	108.307442	19.307220	58.721775	109.622238	13.101013	56.447643	105.253204	11.489078	72.122452	116.563698	21.325073	67.850189	106.064613	18.998650	62.106430	99.224243	15.239502	58.941399	105.791000	12.064984	66.178810	117.994087	101.470268	72.699966	116.160149	15.184237	83.748146	124.866707	14.635748	66.044952	102.782913	3.510422	54.179497	90.476967	1.671919	66.206421	99.715431	23.610176
all2005	31.695082	33.538620	61.258789	18.985332	21.617289	85.902878	8.609324	9.546966	89.203545	11.497362	13.359263	51.408867	6.718857	8.750037	44.598175	3.323329	4.692136	48.556973	2.914742	4.109303	81.308983	4.408044	5.758425	52.738811	4.975147	6.815207	48.369492	2.774462	4.291190	72.699951	39.479370	1.475325	45.309311	3.287333	4.638545	81.902534	3.519976	4.806718	80.314911	5.912204	7.217127	80.152008	6.927220	8.158204	52.972202
native2005	41.028259	32.642605	95.368179	27.246031	20.583351	124.799385	12.047592	8.262327	119.903175	16.633114	12.168768	86.746498	10.869005	7.425874	83.530693	6.557005	3.092752	86.763718	5.983182	2.717875	120.823280	6.792074	4.363903	96.602425	11.040443	5.200362	96.923233	8.463421	2.903396	116.160126	1.475325	39.270813	81.346184	4.209915	3.041665	118.942467	4.186687	3.596513	121.231285	6.505807	6.051770	127.484856	7.121706	7.019824	81.244255
nonnative2005	63.467411	111.922165	25.905212	48.939526	92.511375	29.284275	46.930180	84.273888	35.247559	38.532089	77.347961	14.124582	40.380737	79.155655	11.291203	50.470081	86.718971	16.064575	48.717430	79.787422	30.909912	49.076817	80.333702	13.103680	50.103573	90.238434	10.367873	47.445843	88.220764	15.184237	45.309311	81.346169	140.084335	48.162498	81.076515	31.968302	44.585388	74.412178	19.434015	39.692688	69.271118	17.595514	43.467041	71.793671	21.564692
all2007	28.918255	31.401819	56.767094	20.217852	22.913811	88.178391	9.171810	9.869502	90.551483	8.141617	9.332655	47.139114	5.844249	7.199956	43.410023	3.755408	5.184955	43.683102	4.029258	5.463432	81.720543	3.889978	5.183154	47.760822	5.084312	6.758022	44.581863	5.117973	5.097824	83.748146	3.287332	4.209914	48.162483	33.679691	1.215677	81.001717	3.498698	4.520867	82.393036	6.435865	7.462136	82.994446	7.205140	8.205564	49.160206
native2007	38.428997	31.120436	90.379555	28.346588	22.085796	126.899330	12.642463	8.905128	121.522552	13.127884	8.376708	82.335854	9.892546	6.215666	81.880096	7.275536	3.968840	82.186867	7.408907	4.403554	122.148689	6.557462	4.160345	92.109207	11.392769	5.551742	92.764580	10.538254	3.985566	124.866745	4.638547	3.041666	81.076546	1.215678	33.140331	120.568298	4.138612	3.534209	123.292847	6.937352	6.476403	129.888214	7.330782	7.228329	76.804565
nonnative2007	62.116966	112.020699	25.111897	59.148312	105.821365	15.247847	62.773682	102.890953	18.475018	62.960388	102.903633	10.980988	61.076160	99.360397	11.526920	63.923290	107.936478	6.628176	62.708416	102.208328	5.589634	56.733982	93.888336	2.722530	54.978771	102.150261	5.507269	73.178543	119.306732	14.635748	81.902542	118.942474	31.968302	81.001747	120.568260	88.287704	76.572067	108.426109	4.811381	69.484467	100.338768	8.602801	78.214630	108.594658	18.493608
all2009	31.248407	32.764473	61.646896	19.676281	22.120350	80.639221	10.827449	11.137610	83.637924	13.424705	14.819168	51.933140	6.569999	7.657222	47.463993	4.778707	5.546306	50.185089	3.084504	3.775690	75.895897	3.191979	3.828876	53.593666	5.297180	6.397535	49.829605	3.731360	4.410753	66.044937	3.519975	4.186687	44.585381	3.498699	4.138610	76.572037	34.287899	0.540389	75.193230	2.605912	3.160540	75.323868	3.637348	4.172568	54.424843
native2009	39.207470	32.501537	90.523415	26.688351	21.658186	113.550056	13.813673	10.633267	109.724197	17.819212	14.357108	82.339340	10.076924	7.094560	80.671356	7.815869	4.956560	83.055153	6.013499	3.235968	110.054565	5.419896	3.306800	91.056442	10.714052	5.767859	91.083649	8.691029	3.839890	102.782898	4.806717	3.596514	74.412216	4.520867	3.534208	108.426117	0.540390	34.190132	110.062561	3.048119	2.635731	115.330177	3.747516	3.652968	78.427895
nonnative2009	64.860931	119.323875	20.981562	59.959045	109.491516	9.600736	66.007690	108.504448	13.507790	63.235413	106.903564	6.125667	61.197315	104.681557	7.984120	66.862137	111.256554	7.567283	62.031601	102.995506	1.633602	58.797260	95.817680	4.752693	57.392891	106.901031	4.538600	72.709305	122.100983	3.510422	80.314911	121.231300	19.434019	82.393066	123.292809	4.811381	75.193245	110.062538	118.205208	66.092758	100.208618	1.838504	74.973618	108.495667	17.709511
all2011	38.834873	41.289234	59.767189	20.366034	22.787535	71.337845	11.983949	12.413389	74.626663	14.065889	15.553159	49.856499	8.999632	10.352450	45.802460	6.776055	7.348973	48.775990	6.075193	6.563645	67.748497	5.858642	6.355285	52.722805	8.880899	9.966308	47.649212	7.025080	7.757066	54.179489	5.912203	6.505808	39.692684	6.435866	6.937349	69.484444	2.605912	3.048118	66.092743	34.467152	0.430883	65.878441	1.563440	1.987407	52.818321
native2011	46.738113	41.088505	88.348778	27.291857	22.441795	103.465820	14.891403	12.036951	99.639961	18.328602	15.186856	79.199188	12.475969	9.946579	78.375198	9.761807	6.893746	80.692162	8.948869	6.175027	100.600647	8.088157	5.956599	89.686371	14.319499	9.509544	88.656769	11.998332	7.317743	90.476952	7.217126	6.051769	69.271103	7.462136	6.476399	100.338745	3.160540	2.635730	100.208603	0.430883	34.468815	105.424744	1.664471	1.563923	76.567123
nonnative2011	65.170731	125.851646	21.484814	60.429287	113.215683	11.759761	66.505630	112.228630	17.747343	64.183449	112.260391	12.290127	61.589417	108.371956	11.411379	67.544395	117.602905	12.483317	62.713318	106.719696	7.544413	59.676174	101.766983	6.425334	57.330692	111.574707	2.892742	72.971680	128.859512	1.671919	80.152000	127.484871	17.595512	82.994484	129.888138	8.602800	75.323868	115.330170	1.838504	65.878441	105.424759	145.305740	74.755623	113.663101	16.063654
all2013	41.616638	45.041435	60.990864	23.542635	25.683388	79.736107	13.035482	12.981126	82.868057	15.355018	16.466537	51.110485	9.524502	10.423697	47.956459	6.698726	6.895797	50.324600	6.101776	6.240473	76.285164	6.062994	6.277374	54.757191	10.002975	10.821274	49.292690	8.775809	8.782446	66.206383	6.927216	7.121704	43.467026	7.205140	7.330778	78.214584	3.637347	3.747515	74.973579	1.563440	1.664470	74.755585	34.597179	0.104233	52.925350
native2013	49.363594	45.041393	89.266472	30.349304	25.618250	111.087364	15.884914	12.898741	107.261505	19.559637	16.388474	80.017937	12.956677	10.319442	80.114922	9.672096	6.794622	82.075974	8.942128	6.152036	108.647743	8.272467	6.185849	91.436089	15.411416	10.711469	89.990967	13.380580	8.691315	99.715393	8.158201	7.019822	71.793640	8.205564	7.228323	108.594635	4.172568	3.652967	108.495651	1.987406	1.563923	113.663078	0.104233	34.929100	78.525589
nonnative2013	52.236088	91.843521	27.822754	47.081593	79.104935	28.466499	44.457882	70.830162	33.774193	40.569248	68.463875	23.443220	42.265423	73.476494	13.104353	43.748997	73.768761	14.977106	46.419502	73.216087	22.367424	46.769749	72.926277	10.909363	46.870667	84.237320	9.142588	53.564831	86.161980	23.610178	52.972202	81.244270	21.564690	49.160217	76.804550	18.493608	54.424854	78.427864	17.709511	52.818325	76.567139	16.063656	52.925373	78.525620	131.937881

#RandomMeanComdistNT
.	all1985	native1985	nonnative1985	all1986	native1986	nonnative1986	all1988	native1988	nonnative1988	all1989	native1989	nonnative1989	all1991	native1991	nonnative1991	all1993	native1993	nonnative1993	all1995	native1995	nonnative1995	all1998	native1998	nonnative1998	all2000	native2000	nonnative2000	all2003	native2003	nonnative2003	all2005	native2005	nonnative2005	all2007	native2007	nonnative2007	all2009	native2009	nonnative2009	all2011	native2011	nonnative2011	all2013	native2013	nonnative2013
all1985	86.028183	64.828590	114.207451	57.618271	62.923210	120.195938	50.474468	52.053936	124.836243	50.589157	53.245827	118.962219	49.296410	51.011124	114.544830	51.342754	52.940407	131.671982	53.412682	53.945316	152.980270	52.403522	53.729206	147.346176	53.520325	53.628597	140.375534	55.695969	57.946152	140.823044	51.737400	52.856174	148.494736	52.756039	53.745358	168.825256	52.495262	54.220562	170.100571	55.507732	55.444630	189.640167	53.189857	53.007626	174.389908
native1985	64.828590	93.471809	111.803757	60.675716	68.504906	119.710075	58.259155	59.505402	125.114792	58.687057	59.714420	118.042557	57.409916	58.530075	115.600098	59.593750	60.110466	131.502151	60.238789	60.937683	153.130066	59.990383	60.944042	147.273087	60.840748	61.134445	139.810547	62.800182	64.274696	139.976395	58.657207	59.929081	148.754852	59.752007	60.769985	169.385925	60.123466	61.182682	171.472214	61.636520	63.176670	188.404037	60.663570	60.357853	174.836166
nonnative1985	114.207451	111.803757	138.902435	112.116219	111.399666	129.499893	107.987160	107.271866	130.823532	108.690430	107.460670	125.131371	107.974335	107.483856	121.891556	108.417305	109.301109	135.927551	108.408913	108.021942	153.055374	108.931946	109.056503	147.190170	109.617584	107.833900	142.703491	110.962311	110.120110	141.152527	109.375710	109.636795	149.591476	108.765671	108.869690	166.993713	109.261162	109.785812	167.372772	111.445023	110.492523	187.328339	109.857353	109.035141	173.005493
all1986	57.618275	60.675720	112.116226	79.894981	53.283695	118.850945	44.230118	47.303474	124.843163	45.918800	48.105820	118.170319	44.425682	46.941132	114.671852	46.049927	49.394836	131.531662	48.492100	49.712666	153.508652	46.633953	48.191368	147.258896	48.043804	50.081833	139.100479	51.125114	53.707455	140.368103	46.036526	47.151978	147.519119	46.818886	48.902836	168.990021	47.207298	48.529926	171.031525	49.239819	50.061989	189.383102	46.874130	47.398785	174.010056
native1986	62.923206	68.504906	111.399658	53.283695	83.851494	114.675896	45.895554	51.669605	123.335297	50.961212	53.532116	116.779030	50.132607	51.233105	113.367775	51.364960	53.325970	129.722534	52.341076	53.737003	152.428070	52.648502	53.913555	145.715652	53.675007	53.868443	137.590775	55.265614	57.630699	138.982788	52.012596	52.871464	147.511292	52.566345	53.452000	168.726242	52.995789	53.282097	170.537552	54.009007	54.797962	189.452744	52.687553	53.089596	175.348343
nonnative1986	120.195930	119.710075	129.499893	118.850945	114.675896	142.294113	114.191628	114.227203	132.418335	115.034859	114.109711	127.328598	114.744881	114.081596	122.765053	115.299606	115.276016	135.812332	114.935310	113.829033	150.595016	116.208267	115.918388	145.697281	116.371475	114.002975	140.433517	116.281937	116.145134	143.630478	116.109398	116.088425	147.332504	114.991737	115.950729	166.285690	116.105392	116.019722	170.053223	116.784477	117.537979	185.589874	117.145035	116.528435	173.381821
all1988	50.474464	58.259159	107.987144	44.230118	45.895557	114.191620	67.362144	32.244015	122.308060	35.407864	39.546150	115.291969	34.790405	37.467091	111.841324	37.473305	39.792885	129.606476	38.344490	40.462540	151.727905	38.009033	39.750648	144.628799	39.154816	41.676228	137.415924	42.276543	44.700756	137.395905	37.116081	38.389267	147.548340	38.487301	40.089775	168.763077	38.608646	39.279499	170.487640	40.720665	40.826351	188.685181	37.847031	38.181244	174.220352
native1988	52.053936	59.505394	107.271866	47.303474	51.669605	114.227203	32.244015	71.382614	121.280754	32.660645	40.865593	114.007080	37.511227	40.269306	112.081001	40.688145	42.251831	128.700333	41.597366	42.577969	151.155090	40.615219	42.125359	144.484146	41.414875	43.124439	136.062363	44.509983	46.992996	135.934753	40.142509	41.220917	147.656754	41.050877	42.387344	168.094711	40.823879	42.319988	169.245468	43.630726	43.686943	187.884552	40.979797	41.121941	173.896225
nonnative1988	124.836243	125.114784	130.823532	124.843163	123.335297	132.418320	122.308060	121.280762	145.036652	121.611588	120.799812	127.579254	121.655197	121.831665	128.323593	122.034882	122.152580	137.424728	121.151016	121.612366	148.275925	122.647026	122.565697	143.948593	123.314644	121.957855	140.159042	123.201859	123.496902	143.829758	123.841713	122.874077	144.721039	122.251518	122.755234	166.059570	122.107483	122.728485	165.390442	124.055801	123.346184	185.007446	124.141083	122.129601	173.995667
all1989	50.589157	58.687054	108.690430	45.918793	50.961212	115.034866	35.407864	32.660645	121.611588	69.117149	34.081589	115.345207	34.474255	38.871284	112.127197	38.842178	40.136055	129.756714	39.812923	41.546886	151.253174	39.101002	40.314194	145.360123	39.818039	42.150837	136.828659	43.028179	45.107689	137.262878	38.149544	39.430393	147.116074	39.562569	40.750179	168.629593	39.211819	40.412384	169.347504	41.742893	41.957466	188.104111	39.607113	39.916634	174.113327
native1989	53.245819	59.714424	107.460663	48.105812	53.532116	114.109711	39.546158	40.865585	120.799812	34.081589	72.552994	113.068954	33.118191	40.544090	111.307159	40.808186	43.045429	129.033737	42.319233	43.218948	150.189423	41.706882	43.088902	144.318695	42.517628	44.985195	136.306259	45.040928	47.472885	136.371902	40.642971	42.029255	146.514008	41.652668	43.324905	167.785431	41.588230	43.192211	169.330978	44.904217	45.170841	188.220551	41.943340	42.673969	174.512924
nonnative1989	118.962219	118.042557	125.131378	118.170326	116.779022	127.328606	115.291962	114.007080	127.579247	115.345200	113.068954	133.512741	113.903755	114.798439	122.290878	114.813950	114.597153	130.755493	115.687660	114.498238	145.279541	115.800484	116.099785	142.929596	115.400452	114.676559	134.667404	116.467216	115.773979	137.223755	115.617134	115.957405	142.119431	114.933945	116.318428	161.070694	115.359406	115.931839	163.200470	117.125374	116.943581	183.038467	116.912323	115.378944	168.871826
all1991	49.296410	57.409908	107.974327	44.425682	50.132607	114.744873	34.790405	37.511223	121.655197	34.474255	33.118187	113.903770	67.295166	31.438751	111.070602	35.594662	38.982136	128.840118	38.075195	40.531170	150.651138	37.130398	38.910213	145.016861	37.706966	40.887486	136.845001	40.830105	43.594093	137.091171	35.996964	38.254143	147.230087	38.110943	38.682438	168.138687	37.585018	39.219971	169.761353	39.996201	40.709698	188.762390	37.209930	38.246754	174.404861
native1991	51.011116	58.530075	107.483856	46.941132	51.233101	114.081596	37.467087	40.269310	121.831657	38.871284	40.544086	114.798447	31.438757	70.631172	110.356140	32.590408	41.017097	128.476074	40.519154	42.426579	150.458023	40.307369	42.213615	144.790741	40.727936	42.693233	135.676590	43.556923	46.163551	136.874512	38.815506	40.484787	147.126450	40.442894	41.494709	168.222046	40.410339	41.135670	170.046906	42.427769	43.884571	188.375122	40.052521	40.195515	173.929489
nonnative1991	114.544830	115.600098	121.891563	114.671852	113.367783	122.765053	111.841309	112.081001	128.323593	112.127197	111.307159	122.290878	111.070595	110.356133	130.792801	110.051147	112.267113	130.773224	112.166916	111.345398	144.407990	111.969444	112.612251	142.571487	112.178978	111.194313	132.992828	113.139854	113.335106	136.519806	113.042824	112.860771	144.696182	111.590370	112.623802	161.694305	112.226646	112.483070	165.393387	113.438408	113.729027	185.439697	113.500061	112.133331	175.408188
all1993	51.342751	59.593746	108.417305	46.049915	51.364964	115.299606	37.473301	40.688141	122.034882	38.842186	40.808178	114.813950	35.594662	32.590408	110.051147	68.804893	34.709969	128.795013	38.643097	42.023190	151.078979	39.012207	41.789471	144.837006	40.072121	42.248585	137.039749	43.166775	45.460102	138.098770	38.524323	39.565350	147.256363	40.266632	41.517754	167.654343	39.515457	41.184689	169.497986	41.346100	42.504513	188.061279	39.174446	40.418625	173.863159
native1993	52.940411	60.110466	109.301109	49.394844	53.325962	115.276016	39.792889	42.251827	122.152580	40.136059	43.045429	114.597153	38.982136	41.017101	112.267105	34.709965	71.956818	128.424149	35.524128	43.277084	150.926407	41.677929	44.062298	144.950562	42.679264	44.113525	135.994583	45.337852	47.457886	136.849670	40.743366	42.315403	146.998428	42.164547	43.569660	168.269989	42.029301	43.236271	170.005600	44.004341	44.503246	188.568680	41.541470	42.357647	173.621048
nonnative1993	131.671982	131.502136	135.927551	131.531662	129.722519	135.812332	129.606461	128.700333	137.424713	129.756714	129.033737	130.755493	128.840118	128.476074	130.773239	128.795013	128.424133	151.941284	127.522453	129.417175	150.901901	129.482651	129.383392	148.560181	129.857620	127.869202	142.042023	130.510498	130.108521	144.354156	130.833878	130.527939	150.154007	128.953323	129.975372	167.451233	129.533936	130.073990	169.069183	131.678299	130.078842	189.234100	131.593948	128.446365	179.344910
all1995	53.412685	60.238785	108.408928	48.492096	52.341072	114.935310	38.344498	41.597370	121.151016	39.812916	42.319229	115.687660	38.075191	40.519154	112.166908	38.643101	35.524128	127.522453	71.348389	36.639282	151.231110	39.550724	42.698792	144.412628	42.092113	43.613529	136.704941	44.663975	46.721214	137.374481	39.682964	41.597744	146.454941	41.400307	42.476166	168.978867	41.581966	42.135368	169.007980	44.008793	44.054005	187.724823	40.741356	41.808544	173.258636
native1995	53.945316	60.937687	108.021942	49.712669	53.737000	113.829041	40.462532	42.577969	121.612350	41.546890	43.218945	114.498238	40.531170	42.426575	111.345398	42.023186	43.277088	129.417160	36.639282	73.267357	150.137680	36.109413	43.902027	145.066330	43.136543	46.066624	136.517715	46.740833	48.738155	135.748489	41.788490	43.134682	146.150986	43.373238	44.288162	167.949585	43.137371	43.758141	169.547409	44.776478	45.757763	188.362198	43.050201	43.802486	174.916885
nonnative1995	152.980255	153.130066	153.055374	153.508636	152.428070	150.595016	151.727905	151.155090	148.275925	151.253174	150.189407	145.279556	150.651123	150.458008	144.407990	151.078964	150.926407	150.901917	151.231094	150.137680	174.181244	152.152969	151.223892	155.921387	152.443481	150.255066	155.172852	152.897095	151.588394	158.026031	152.116333	151.900757	153.877365	151.780930	152.456528	171.846298	151.187119	151.341660	168.972000	152.758514	151.912567	184.914536	153.057983	151.049042	171.260666
all1998	52.403519	59.990395	108.931953	46.633949	52.648506	116.208252	38.009037	40.615223	122.647041	39.101006	41.706882	115.800476	37.130409	40.307365	111.969452	39.012211	41.677921	129.482651	39.550724	36.109413	152.152969	70.867630	35.221207	145.430664	39.580055	43.337681	137.818680	44.217983	46.847107	137.669144	39.078148	40.314526	147.688293	40.658955	42.240120	168.922043	40.712078	41.776150	169.934097	42.092636	42.929893	188.278122	40.104404	41.028034	174.607910
native1998	53.729206	60.944042	109.056503	48.191372	53.913551	115.918388	39.750648	42.125359	122.565704	40.314194	43.088909	116.099785	38.910206	42.213608	112.612251	41.789463	44.062298	129.383392	42.698792	43.902039	151.223892	35.221207	72.170662	144.714081	35.584496	44.264313	137.269012	45.607155	47.665398	138.200134	40.371307	42.386345	147.717316	42.244396	43.637127	169.190765	42.295151	43.433353	170.868530	44.683666	45.166771	188.636963	42.272919	42.566643	174.348358
nonnative1998	147.346176	147.273087	147.190186	147.258896	145.715668	145.697281	144.628784	144.484146	143.948593	145.360107	144.318695	142.929596	145.016861	144.790741	142.571457	144.837006	144.950562	148.560181	144.412628	145.066330	155.921387	145.430664	144.714096	166.905884	145.446045	143.562347	147.282883	146.231064	145.780670	151.627396	145.833481	145.577377	151.069595	144.674622	145.179123	165.734772	144.667358	145.539825	164.028458	146.728027	146.463333	185.249908	146.390106	144.644760	172.515259
all2000	53.520325	60.840744	109.617584	48.043804	53.675003	116.371460	39.154816	41.414875	123.314659	39.818035	42.517628	115.400452	37.706970	40.727936	112.178970	40.072121	42.679260	129.857620	42.092117	43.136551	152.443481	39.580055	35.584492	145.446060	71.163383	37.452312	137.826233	44.629128	47.117008	138.304001	39.876541	41.907970	146.895370	41.406898	43.002140	169.310623	41.622936	42.797516	171.093689	43.709949	43.909203	189.207123	41.672543	41.479015	175.403152
native2000	53.628605	61.134441	107.833900	50.081833	53.868435	114.002975	41.676220	43.124439	121.957863	42.150841	44.985191	114.676544	40.887482	42.693237	111.194313	42.248585	44.113537	127.869202	43.613529	46.066624	150.255081	43.337681	44.264305	143.562363	37.452312	73.539879	135.130905	40.102077	47.542576	137.035278	42.372765	43.556618	146.247101	43.530834	44.565048	168.427856	43.309910	44.389347	169.031067	45.431141	46.461872	187.941727	43.378136	43.916672	172.966095
nonnative2000	140.375534	139.810547	142.703476	139.100479	137.590759	140.433517	137.415924	136.062378	140.159042	136.828659	136.306259	134.667404	136.845001	135.676575	132.992828	137.039764	135.994583	142.042023	136.704956	136.517715	155.172867	137.818680	137.268997	147.282883	137.826233	135.130905	162.333923	137.486176	136.721802	151.093292	137.171478	137.740189	146.799133	137.008026	137.348007	164.339279	137.241653	137.779587	164.324936	139.209259	138.951370	186.771057	137.593002	136.558640	170.338165
all2003	55.695965	62.800179	110.962311	51.125118	55.265621	116.281944	42.276543	44.509987	123.201851	43.028179	45.040932	116.467216	40.830109	43.556919	113.139839	43.166786	45.337860	130.510498	44.663979	46.740829	152.897095	44.217979	45.607162	146.231064	44.629124	40.102077	137.486176	74.363220	43.179749	138.767319	41.472965	43.000813	147.771011	44.636589	45.623142	168.546371	44.041988	45.159145	169.928726	46.879646	47.079361	188.846878	43.604366	44.155514	173.897583
native2003	57.946152	64.274696	110.120094	53.707458	57.630695	116.145126	44.700756	46.992996	123.496910	45.107685	47.472900	115.773994	43.594093	46.163559	113.335098	45.460098	47.457878	130.108521	46.721214	48.738159	151.588409	46.847118	47.665386	145.780670	47.117012	47.542583	136.721802	43.179752	78.011650	136.100616	40.069176	46.126534	147.721512	47.187500	47.532314	168.428787	46.580696	48.466438	169.384171	49.168301	49.528347	189.367798	47.446964	46.989639	173.831894
nonnative2003	140.823059	139.976395	141.152527	140.368103	138.982788	143.630478	137.395905	135.934753	143.829758	137.262894	136.371902	137.223770	137.091171	136.874512	136.519821	138.098770	136.849670	144.354141	137.374481	135.748489	158.026031	137.669144	138.200134	151.627411	138.304001	137.035263	151.093307	138.767288	136.100616	165.270477	137.793091	137.801147	151.115494	137.379105	137.682846	170.476791	137.954926	138.442535	170.074081	138.218826	139.134644	192.055084	138.951172	135.751587	174.567017
all2005	51.737408	58.657211	109.375702	46.036518	52.012592	116.109398	37.116077	40.142506	123.841713	38.149544	40.642963	115.617119	35.996967	38.815506	113.042824	38.524330	40.743362	130.833878	39.682964	41.788490	152.116333	39.078152	40.371300	145.833481	39.876545	42.372765	137.171478	41.472965	40.069180	137.793106	69.540070	32.271088	147.872757	38.439655	40.470848	169.851395	39.407352	40.356255	171.052734	41.841431	42.409966	190.123245	39.407322	39.662010	174.292664
native2005	52.856174	59.929081	109.636787	47.151978	52.871468	116.088417	38.389271	41.220913	122.874077	39.430397	42.029255	115.957405	38.254147	40.484795	112.860786	39.565346	42.315407	130.527924	41.597736	43.134686	151.900757	40.314529	42.386345	145.577377	41.907970	43.556618	137.740189	43.000813	46.126537	137.801147	32.271095	70.723648	147.668610	34.037647	40.825893	169.757004	40.608624	41.693031	170.510483	42.630138	43.619827	189.358505	40.979733	41.563416	174.844162
nonnative2005	148.494751	148.754868	149.591492	147.519119	147.511292	147.332520	147.548340	147.656754	144.721039	147.116074	146.513977	142.119431	147.230087	147.126450	144.696182	147.256363	146.998428	150.153992	146.454941	146.151001	153.877350	147.688309	147.717316	151.069611	146.895370	146.247101	146.799149	147.771027	147.721512	151.115494	147.872742	147.668610	159.809982	146.568771	148.326355	163.129776	146.214752	146.771774	162.738190	148.098465	148.646973	179.699417	148.700165	147.225830	171.665833
all2007	52.756031	59.752007	108.765678	46.818890	52.566341	114.991737	38.487293	41.050873	122.251518	39.562569	41.652668	114.933945	38.110943	40.442894	111.590370	40.266644	42.164551	128.953323	41.400311	43.373238	151.780930	40.658951	42.244396	144.674622	41.406902	43.530830	137.008041	44.636589	47.187504	137.379105	38.439655	34.037643	146.568771	70.690094	35.269539	168.346100	40.030899	41.982143	169.866394	43.472950	43.426487	188.052689	40.892288	41.000237	173.667313
native2007	53.745361	60.769981	108.869690	48.902840	53.451996	115.950714	40.089779	42.387344	122.755241	40.750175	43.324902	116.318420	38.682438	41.494709	112.623802	41.517754	43.569664	129.975372	42.476177	44.288155	152.456543	42.240116	43.637119	145.179123	43.002140	44.565048	137.348007	45.623142	47.532314	137.682846	40.470852	40.825890	148.326355	35.269539	73.222267	168.951202	35.234959	42.331760	169.402893	44.858173	44.692677	188.304230	42.316895	42.609398	174.276474
nonnative2007	168.825256	169.385925	166.993729	168.990021	168.726242	166.285690	168.763077	168.094727	166.059570	168.629578	167.785416	161.070679	168.138702	168.222046	161.694305	167.654343	168.269989	167.451233	168.978867	167.949585	171.846298	168.922058	169.190765	165.734741	169.310608	168.427856	164.339294	168.546371	168.428787	170.476791	169.851395	169.757004	163.129791	168.346115	168.951218	192.116364	168.701385	169.256195	170.228760	169.294373	168.399521	185.721313	170.419418	167.641907	176.623367
all2009	52.495262	60.123474	109.261185	47.207291	52.995796	116.105400	38.608646	40.823879	122.107483	39.211819	41.588230	115.359421	37.585018	40.410343	112.226654	39.515457	42.029301	129.533936	41.581966	43.137371	151.187134	40.712078	42.295158	144.667374	41.622936	43.309902	137.241653	44.041992	46.580700	137.954926	39.407352	40.608627	146.214752	40.030899	35.234955	168.701355	71.321991	34.648384	169.778671	42.501869	44.338913	188.150787	40.697674	41.369537	174.242569
native2009	54.220566	61.182682	109.785820	48.529915	53.282097	116.019707	39.279491	42.319988	122.728485	40.412384	43.192211	115.931839	39.219967	41.135677	112.483070	41.184692	43.236271	130.074005	42.135368	43.758141	151.341660	41.776146	43.433357	145.539825	42.797504	44.389347	137.779587	45.159138	48.466438	138.442551	40.356247	41.693035	146.771774	41.982140	42.331768	169.256195	34.648388	71.847221	169.554306	37.459572	44.332165	189.332397	41.709202	42.554871	173.820328
nonnative2009	170.100571	171.472198	167.372772	171.031525	170.537552	170.053223	170.487656	169.245468	165.390442	169.347488	169.330978	163.200485	169.761353	170.046906	165.393387	169.497971	170.005585	169.069183	169.007950	169.547409	168.972000	169.934097	170.868530	164.028458	171.093689	169.031052	164.324936	169.928711	169.384171	170.074081	171.052734	170.510483	162.738190	169.866394	169.402893	170.228760	169.778641	169.554321	188.074982	170.675491	171.339615	179.562469	171.007156	169.008698	169.216019
all2011	55.507744	61.636509	111.445023	49.239815	54.009010	116.784477	40.720665	43.630722	124.055801	41.742882	44.904213	117.125366	39.996201	42.427769	113.438408	41.346104	44.004349	131.678299	44.008797	44.776482	152.758514	42.092636	44.683666	146.728027	43.709946	45.431141	139.209259	46.879646	49.168301	138.218811	41.841431	42.630135	148.098465	43.472950	44.858173	169.294357	42.501877	37.459572	170.675491	74.486443	38.896538	189.783585	42.275028	43.459667	175.387299
native2011	55.444630	63.176674	110.492523	50.061989	54.797962	117.537979	40.826351	43.686943	123.346191	41.957466	45.170837	116.943573	40.709702	43.884575	113.729019	42.504520	44.503258	130.078842	44.054001	45.757767	151.912567	42.929897	45.166771	146.463333	43.909191	46.461872	138.951370	47.079361	49.528351	139.134659	42.409962	43.619831	148.646973	43.426487	44.692680	168.399521	44.338913	44.332153	171.339615	38.896534	75.472153	188.725082	37.119465	42.854710	175.285095
nonnative2011	189.640167	188.404037	187.328354	189.383072	189.452759	185.589874	188.685181	187.884552	185.007446	188.104111	188.220551	183.038498	188.762390	188.375107	185.439713	188.061279	188.568680	189.234116	187.724808	188.362198	184.914520	188.278122	188.636963	185.249924	189.207123	187.941727	186.771057	188.846878	189.367798	192.055084	190.123245	189.358505	179.699432	188.052689	188.304230	185.721313	188.150787	189.332397	179.562469	189.783585	188.725082	217.848145	189.774811	187.716583	180.219284
all2013	53.189854	60.663574	109.857361	46.874134	52.687546	117.145027	37.847027	40.979801	124.141083	39.607117	41.943333	116.912323	37.209927	40.052517	113.500046	39.174458	41.541477	131.593948	40.741352	43.050205	153.057968	40.104404	42.272915	146.390106	41.672546	43.378128	137.592987	43.604366	47.446960	138.951172	39.407322	40.979736	148.700165	40.892288	42.316895	170.419418	40.697681	41.709209	171.007156	42.275028	37.119465	189.774811	71.762123	34.090763	175.272736
native2013	53.007626	60.357849	109.035133	47.398785	53.089600	116.528442	38.181244	41.121941	122.129593	39.916630	42.673965	115.378929	38.246750	40.195518	112.133331	40.418625	42.357647	128.446381	41.808544	43.802475	151.049042	41.028038	42.566647	144.644775	41.479023	43.916664	136.558655	44.155514	46.989639	135.751587	39.662006	41.563412	147.225830	41.000237	42.609402	167.641907	41.369541	42.554871	169.008698	43.459663	42.854710	187.716599	34.090759	71.385307	173.107346
nonnative2013	174.389908	174.836151	173.005493	174.010040	175.348343	173.381821	174.220352	173.896225	173.995667	174.113327	174.512924	168.871826	174.404861	173.929504	175.408203	173.863144	173.621063	179.344910	173.258636	174.916901	171.260666	174.607910	174.348358	172.515274	175.403152	172.966080	170.338181	173.897583	173.831909	174.567032	174.292664	174.844162	171.665833	173.667313	174.276474	176.623352	174.242569	173.820343	169.216003	175.387299	175.285095	180.219284	175.272736	173.107346	197.624725

#RandomSDComdistNT
.	all1985	native1985	nonnative1985	all1986	native1986	nonnative1986	all1988	native1988	nonnative1988	all1989	native1989	nonnative1989	all1991	native1991	nonnative1991	all1993	native1993	nonnative1993	all1995	native1995	nonnative1995	all1998	native1998	nonnative1998	all2000	native2000	nonnative2000	all2003	native2003	nonnative2003	all2005	native2005	nonnative2005	all2007	native2007	nonnative2007	all2009	native2009	nonnative2009	all2011	native2011	nonnative2011	all2013	native2013	nonnative2013
all1985	24.712105	17.547678	29.664408	15.925846	15.838459	28.463074	14.002635	14.178464	29.091265	13.454332	14.633701	29.192757	13.163849	13.368588	27.868969	14.377868	14.307756	30.607140	16.731678	16.391108	35.986519	14.495010	14.572106	34.632824	15.972166	13.929118	32.314980	14.248124	15.272677	32.553432	14.347048	14.853009	34.477196	14.076344	14.019262	39.070251	14.090176	15.178987	37.722664	17.895523	17.129660	39.656483	16.228754	15.932869	39.422348
native1985	17.547678	24.369308	29.701807	15.875862	16.300718	30.319759	13.956808	14.851222	27.434563	14.250762	14.530784	27.541370	13.362782	13.861664	27.848953	15.748451	15.922323	29.968939	17.214827	17.986355	34.688473	15.585869	15.740510	31.913261	16.828094	15.521864	33.156204	15.580738	15.125776	33.434143	14.423799	15.125337	33.446331	15.038391	14.138144	36.516136	14.808267	14.828092	36.072487	18.909628	19.409828	38.741501	17.938663	17.094755	37.944366
nonnative1985	29.664410	29.701807	82.394798	29.078026	28.411158	61.377895	24.202559	24.547102	62.010010	24.118284	26.314234	61.250656	24.877453	24.026438	64.538193	26.221060	26.825560	67.679489	28.879246	30.639143	68.763107	24.974783	26.920397	75.296089	27.327709	26.901402	69.566795	26.105026	24.992622	67.784760	25.180214	26.388599	74.150604	24.681133	24.638321	79.784531	26.337286	25.729643	81.866463	33.072632	30.641216	86.423630	28.949451	27.644249	87.388573
all1986	15.925845	15.875861	29.078022	21.658155	15.912053	28.731667	12.124028	13.181075	29.013838	12.317687	13.285018	29.016304	12.214604	12.847946	28.720661	12.610211	14.577929	30.320337	14.594769	15.953660	36.049015	12.456625	13.529652	33.606258	14.592619	14.937930	31.592825	13.882594	14.317750	32.456867	12.638099	13.437281	34.124065	12.532836	13.081101	37.972313	13.044564	13.219196	38.264740	15.498367	15.425082	38.870552	13.768060	13.780076	37.974884
native1986	15.838460	16.300720	28.411154	15.912056	21.530144	27.345865	12.655349	13.860424	27.146135	12.863842	14.234529	27.323055	12.976649	12.468616	26.305607	13.744249	14.364741	29.508165	16.596226	16.794567	34.716976	13.978051	15.040772	31.166506	15.535816	15.134835	30.126648	14.992390	14.700986	31.559267	14.092200	14.166728	32.457172	14.051390	13.644051	36.279293	14.136022	14.343306	35.527946	18.047504	17.383905	38.701752	16.091957	15.636419	36.573124
nonnative1986	28.463076	30.319761	61.377895	28.731665	27.345860	82.030952	24.618578	25.847769	59.910133	25.903095	26.112373	60.015316	24.714441	25.395260	61.964119	27.224552	26.934889	67.230133	28.397676	30.982864	67.397270	25.931721	26.792067	72.270401	28.839535	27.444494	69.437126	26.193684	25.356859	69.230141	26.731632	26.775322	71.861603	25.312975	25.687016	78.702049	26.659151	27.274290	83.189537	32.312553	31.875477	86.182556	29.253328	29.377905	87.664917
all1988	14.002635	13.956808	24.202559	12.124029	12.655350	24.618584	16.413506	10.562209	24.164301	10.065772	10.631433	25.252573	9.715660	9.851463	23.475037	10.946869	11.388764	26.649397	11.804517	12.685815	31.411894	10.581940	11.256516	29.453236	11.894122	11.699190	28.844980	11.728696	11.583649	28.618383	10.778980	11.245648	30.740307	10.838933	10.991387	33.921524	10.823341	11.468500	34.447964	13.197900	12.258537	36.276253	11.899128	11.675525	35.141186
native1988	14.178466	14.851224	24.547104	13.181075	13.860425	25.847769	10.562209	20.601389	25.981094	10.692950	11.891749	24.638561	10.459921	11.231679	24.868475	13.191585	13.099234	27.876461	13.172002	13.871426	32.517235	11.777346	12.174027	29.914949	13.304302	12.636674	29.733797	12.649532	12.933560	29.379738	12.351729	11.902643	31.732605	12.268307	11.896391	34.228397	11.492667	12.545114	34.850567	15.283837	14.370877	36.975586	13.544977	12.514729	36.503483
nonnative1988	29.091265	27.434563	62.010014	29.013838	27.146133	59.910133	24.164297	25.981092	59.715782	25.315056	25.908865	51.153290	25.284437	24.442476	53.788239	27.574202	27.521564	57.663963	29.648819	32.398533	56.050518	26.381508	27.435516	54.676682	29.509214	27.266367	67.065544	25.664326	24.728193	65.515144	26.762079	26.457890	53.173111	25.214977	24.763088	58.141647	26.311594	26.948530	59.905621	34.819363	32.341373	63.615246	29.977739	30.694221	64.613159
all1989	13.454332	14.250763	24.118288	12.317688	12.863841	25.903099	10.065774	10.692948	25.315054	18.429482	10.706550	24.993460	9.959536	10.929975	23.426193	11.443475	11.705482	27.069450	12.325022	12.643763	31.823412	11.348996	11.271794	30.235451	12.397974	11.847843	29.046162	12.201401	12.247260	28.942337	11.112131	11.584101	30.898527	11.203897	10.911566	34.882206	11.005301	11.948478	34.300800	13.613863	13.056162	36.535046	12.483838	11.758606	35.534203
native1989	14.633701	14.530787	26.314230	13.285016	14.234531	26.112377	10.631434	11.891749	25.908863	10.706548	18.756372	24.940092	10.167718	11.172890	24.146349	12.440987	11.603210	27.373610	12.823464	13.876366	31.124826	11.740084	11.701251	29.591097	12.744274	13.378951	29.223749	12.590316	12.694275	30.051498	11.698591	12.231207	31.208248	11.407040	11.575516	34.370975	11.790540	11.859303	34.658760	15.755775	15.022058	37.423271	13.253712	13.154846	35.080296
nonnative1989	29.192755	27.541370	61.250652	29.016306	27.323055	60.015312	25.252571	24.638563	51.153290	24.993458	24.940090	73.659760	23.466589	23.584616	56.550831	25.957914	26.963093	58.762669	29.398537	31.412374	60.352333	26.186123	26.578251	62.603104	28.712187	26.718582	67.515091	25.822330	24.892487	65.724480	24.479839	26.259909	64.213730	24.687609	24.312288	70.204788	24.218557	26.228443	72.493660	33.657398	32.270267	75.520294	29.152243	28.595270	75.923843
all1991	13.163849	13.362784	24.877453	12.214604	12.976649	24.714445	9.715660	10.459919	25.284443	9.959536	10.167718	23.466591	16.520224	9.633832	23.022345	10.282087	11.166644	26.338982	12.179831	13.448936	32.165569	10.393996	10.791131	29.233574	10.868782	11.643502	27.898438	10.895350	11.067060	28.162851	10.171429	11.033078	29.788500	10.596766	10.533347	33.690861	10.713231	11.437488	34.184471	13.924074	13.248789	36.967846	11.442473	10.762819	34.842087
native1991	13.368589	13.861668	24.026440	12.847948	12.468618	25.395264	9.851463	11.231679	24.442476	10.929976	11.172890	23.584616	9.633831	17.517752	23.478735	10.103312	11.789623	25.669718	12.744426	13.741598	30.201817	11.290936	11.986071	28.835199	12.537618	12.047191	28.046696	11.918098	11.782437	28.657358	10.446700	11.092009	30.217354	11.204595	11.395885	33.528202	11.099877	11.030331	34.435444	13.958113	14.510423	35.364376	12.353597	11.354317	34.929245
nonnative1991	27.868969	27.848949	64.538200	28.720663	26.305609	61.964115	23.475033	24.868473	53.788239	23.426193	24.146349	56.550827	23.022346	23.478735	89.837952	25.775946	26.552696	64.650795	28.843596	31.319290	66.811241	25.719597	25.491520	71.367210	28.904400	26.313389	74.656273	24.231049	24.010389	74.890274	23.853161	24.858154	73.495476	23.737528	24.055048	77.534950	26.258499	25.675718	83.399796	33.466103	31.678383	86.893150	27.877714	28.946033	91.662262
all1993	14.377868	15.748451	26.221062	12.610210	13.744250	27.224554	10.946870	13.191584	27.574205	11.443473	12.440985	25.957914	10.282088	10.103310	25.775942	19.089960	11.423764	28.009995	12.941160	13.808865	32.905449	11.147621	12.922147	32.482170	12.752835	12.405874	31.172688	11.633986	12.011268	31.015854	11.438387	11.327028	32.884148	12.025589	12.098437	35.945030	11.732539	12.695167	37.730618	13.590073	13.893246	37.581863	12.422244	12.586344	37.125443
native1993	14.307757	15.922321	26.825558	14.577929	14.364740	26.934887	11.388764	13.099235	27.521566	11.705481	11.603211	26.963093	11.166643	11.789625	26.552698	11.423764	20.301382	29.022465	12.800376	14.428892	33.966450	12.307371	13.491440	32.176899	13.362889	13.243398	30.039547	13.086418	12.846297	30.833389	11.856608	12.611357	32.905617	12.159158	11.869757	35.558998	12.267500	12.369068	37.010475	14.546016	14.664105	37.894787	12.635473	12.783287	38.173275
nonnative1993	30.607134	29.968937	67.679482	30.320341	29.508169	67.230133	26.649393	27.876459	57.663963	27.069448	27.373608	58.762669	26.338984	25.669718	64.650787	28.009995	29.022465	93.908897	32.279320	33.746841	67.279129	29.015291	28.634348	71.159195	31.826654	30.171658	76.928459	28.238737	27.453751	74.960068	27.537127	28.927433	72.193657	27.388430	27.146210	76.798546	29.098289	29.038263	81.752815	37.167664	33.298378	87.616165	31.569464	31.252316	90.231277
all1995	16.731676	17.214827	28.879246	14.594771	16.596224	28.397682	11.804518	13.172001	29.648823	12.325022	12.823464	29.398537	12.179829	12.744428	28.843596	12.941161	12.800376	32.279324	24.109652	15.167708	35.941547	12.186045	13.552710	33.996250	14.063868	13.547256	33.328827	13.804458	14.439520	33.238316	12.170745	13.399075	35.306515	13.752346	12.875152	39.233200	13.597851	13.967022	38.835659	15.921345	14.998253	41.428596	14.084782	14.602721	39.668556
native1995	16.391109	17.986353	30.639141	15.953661	16.794567	30.982866	12.685815	13.871427	32.398529	12.643762	13.876367	31.412378	13.448938	13.741599	31.319292	13.808867	14.428890	33.746845	15.167709	25.019508	38.108860	13.412148	14.845681	37.772137	15.829637	15.676959	34.700073	15.321372	14.911003	34.819332	13.761769	14.553898	37.626099	13.970570	13.280589	41.404346	13.987153	14.498464	41.071655	17.139580	17.011003	43.181423	15.906441	14.832253	41.914543
nonnative1995	35.986519	34.688469	68.763100	36.049019	34.716972	67.397270	31.411890	32.517231	56.050522	31.823408	31.124823	60.352329	32.165573	30.201815	66.811241	32.905453	33.966446	67.279137	35.941544	38.108856	85.415306	33.429195	33.002346	70.162880	35.330673	34.456978	77.732605	32.521030	32.217525	78.106400	31.520647	31.906059	66.561386	31.118624	32.060242	73.752678	33.514088	33.078117	78.883522	39.863548	37.802814	81.898415	35.540794	36.623501	84.206772
all1998	14.495010	15.585866	24.974783	12.456625	13.978050	25.931717	10.581938	11.777346	26.381512	11.348999	11.740083	26.186123	10.393996	11.290937	25.719597	11.147620	12.307374	29.015295	12.186046	13.412148	33.429195	19.120382	11.381614	32.317215	12.076948	12.767707	29.445108	12.426690	13.109776	30.945585	11.803703	11.639792	31.647953	11.340733	11.616287	35.510105	11.879107	12.364548	35.662022	13.976164	13.192758	37.666809	12.216549	12.536296	38.157402
native1998	14.572104	15.740509	26.920399	13.529654	15.040773	26.792068	11.256516	12.174026	27.435518	11.271795	11.701250	26.578249	10.791129	11.986071	25.491520	12.922148	13.491441	28.634352	13.552708	14.845682	33.002350	11.381614	20.207333	32.342144	11.815908	13.308913	29.529970	12.590569	12.876513	31.137709	10.937228	12.222988	32.746941	11.402179	12.363326	36.653770	11.924263	12.333409	36.087246	16.156691	14.614808	39.730350	14.231384	13.423647	36.798923
nonnative1998	34.632824	31.913261	75.296089	33.606258	31.166502	72.270401	29.453238	29.914951	54.676689	30.235453	29.591099	62.603100	29.233572	28.835197	71.367203	32.482170	32.176899	71.159195	33.996250	37.772137	70.162872	32.317215	32.342140	102.230980	34.234940	32.028397	83.820694	31.574598	30.377281	79.963959	30.350689	31.562008	70.286140	30.064184	29.864458	78.057106	31.781181	32.190784	85.625717	38.802677	37.389778	89.706253	33.881649	34.618328	96.977303
all2000	15.972162	16.828096	27.327711	14.592617	15.535816	28.839537	11.894123	13.304303	29.509212	12.397975	12.744274	28.712187	10.868785	12.537620	28.904404	12.752835	13.362889	31.826658	14.063866	15.829635	35.330673	12.076948	11.815909	34.234940	21.924692	12.708271	32.778900	14.279580	13.717051	32.334476	12.838143	13.605999	34.045223	12.356489	13.166808	38.894463	13.084167	13.330176	39.298042	15.851886	14.917951	41.426739	14.295322	13.519715	38.983204
native2000	13.929117	15.521860	26.901403	14.937926	15.134839	27.444494	11.699190	12.636672	27.266375	11.847843	13.378952	26.718584	11.643500	12.047189	26.313387	12.405875	13.243393	30.171658	13.547256	15.676957	34.456985	12.767706	13.308910	32.028397	12.708270	21.108654	31.132494	12.667049	13.683550	32.294659	12.393466	12.814333	33.678249	12.823321	12.019832	36.993053	12.267921	12.540055	36.014526	15.249268	16.082693	39.547512	13.734521	13.478092	37.317810
nonnative2000	32.314976	33.156204	69.566788	31.592827	30.126642	69.437134	28.844975	29.733793	67.065536	29.046160	29.223742	67.515091	27.898428	28.046698	74.656281	31.172684	30.039545	76.928459	33.328827	34.700073	77.732605	29.445112	29.529968	83.820694	32.778893	31.132488	110.430428	28.576818	28.823139	78.047699	28.590979	30.596073	86.595154	27.711296	29.041767	91.703674	29.815422	30.087208	101.838356	36.954773	35.977711	104.970345	32.043873	32.314796	109.860710
all2003	14.248126	15.580740	26.105028	13.882595	14.992390	26.193684	11.728698	12.649531	25.664326	12.201401	12.590317	25.822334	10.895350	11.918098	24.231049	11.633987	13.086421	28.238739	13.804457	15.321369	32.521027	12.426690	12.590569	31.574600	14.279581	12.667051	28.576824	18.571936	12.349186	29.849810	11.260436	11.776965	31.980165	12.514725	11.936657	35.632366	12.106943	12.593311	34.907822	14.170010	14.446774	36.743866	13.013713	13.095555	36.094307
native2003	15.272676	15.125774	24.992624	14.317751	14.700984	25.356859	11.583650	12.933560	24.728191	12.247261	12.694274	24.892483	11.067060	11.782437	24.010386	12.011269	12.846293	27.453751	14.439518	14.911001	32.217529	13.109777	12.876513	30.377283	13.717052	13.683552	28.823141	12.349184	19.512442	29.562910	11.620525	12.748121	31.064194	12.767865	12.620522	34.165619	12.671640	13.030814	34.223976	15.237778	16.462391	36.879780	14.784944	14.686271	35.785885
nonnative2003	32.553429	33.434139	67.784760	32.456867	31.559261	69.230148	28.618376	29.379732	65.515144	28.942333	30.051497	65.724487	28.162848	28.657358	74.890274	31.015852	30.833385	74.960083	33.238308	34.819332	78.106407	30.945581	31.137707	79.963951	32.334476	32.294659	78.047691	29.849808	29.562908	108.013443	29.039953	31.489267	86.663849	29.656113	28.171991	89.309807	30.302963	31.468855	97.416237	37.736217	36.472092	100.135887	32.476791	32.432182	105.421143
all2005	14.347044	14.423797	25.180214	12.638097	14.092199	26.731638	10.778979	12.351728	26.762079	11.112130	11.698594	24.479847	10.171430	10.446700	23.853159	11.438388	11.856606	27.537127	12.170743	13.761768	31.520649	11.803705	10.937226	30.350691	12.838143	12.393466	28.590979	11.260435	11.620524	29.039953	17.316505	10.831331	30.862711	10.329692	10.990397	34.437649	10.979742	12.015974	36.073013	14.148098	13.374144	36.946541	12.636219	10.979261	36.393242
native2005	14.853009	15.125340	26.388597	13.437282	14.166729	26.775326	11.245647	11.902642	26.457895	11.584101	12.231205	26.259909	11.033079	11.092010	24.858152	11.327026	12.611360	28.927429	13.399074	14.553900	31.906063	11.639794	12.222992	31.562010	13.605998	12.814333	30.596075	11.776965	12.748122	31.489271	10.831329	18.982975	32.691734	10.323456	11.199840	35.810463	11.591313	12.103580	34.563286	14.948298	14.360262	37.956451	13.646945	12.081362	36.644592
nonnative2005	34.477196	33.446331	74.150604	34.124058	32.457169	71.861610	30.740305	31.732601	53.173115	30.898527	31.208250	64.213730	29.788500	30.217354	73.495476	32.884144	32.905613	72.193665	35.306515	37.626099	66.561386	31.647957	32.746941	70.286140	34.045219	33.678249	86.595154	31.980165	31.064192	86.663849	30.862713	32.691734	79.903671	32.057529	31.389814	66.760597	31.636574	31.690731	68.480988	40.147766	38.659164	74.246948	34.686592	35.370750	78.265190
all2007	14.076344	15.038392	24.681133	12.532835	14.051391	25.312981	10.838931	12.268304	25.214973	11.203897	11.407041	24.687607	10.596766	11.204595	23.737522	12.025588	12.159158	27.388432	13.752345	13.970568	31.118628	11.340731	11.402180	30.064190	12.356491	12.823322	27.711298	12.514726	12.767865	29.656116	10.329692	10.323459	32.057529	18.294109	11.250817	34.140606	11.769059	11.844833	34.593781	14.282083	13.845756	35.605240	12.396290	11.451822	35.606571
native2007	14.019259	14.138145	24.638323	13.081100	13.644053	25.687014	10.991387	11.896393	24.763088	10.911567	11.575516	24.312292	10.533345	11.395885	24.055050	12.098437	11.869755	27.146212	12.875151	13.280592	32.060246	11.616288	12.363326	29.864460	13.166807	12.019830	29.041765	11.936655	12.620520	28.171993	10.990397	11.199840	31.389812	11.250818	19.481350	33.414753	11.195472	11.738365	34.550632	14.566295	14.560469	36.353954	12.793570	13.111654	35.154434
nonnative2007	39.070251	36.516132	79.784531	37.972313	36.279293	78.702057	33.921524	34.228390	58.141651	34.882198	34.370968	70.204796	33.690861	33.528198	77.534950	35.945026	35.558994	76.798546	39.233200	41.404343	73.752678	35.510105	36.653770	78.057106	38.894463	36.993050	91.703674	35.632362	34.165619	89.309807	34.437641	35.810463	66.760597	34.140606	33.414753	99.583382	35.650017	35.737400	78.329216	44.303513	40.680229	85.514420	37.780182	37.089386	88.654091
all2009	14.090177	14.808269	26.337282	13.044564	14.136024	26.659147	10.823339	11.492665	26.311600	11.005300	11.790542	24.218555	10.713230	11.099879	26.258499	11.732541	12.267498	29.098288	13.597851	13.987152	33.514088	11.879106	11.924267	31.781187	13.084167	12.267921	29.815426	12.106942	12.671639	30.302967	10.979740	11.591313	31.636576	11.769058	11.195470	35.650028	19.653807	11.632730	35.539497	14.442665	15.482164	37.977600	12.395961	12.485140	36.289753
native2009	15.178986	14.828091	25.729645	13.219196	14.343302	27.274294	11.468499	12.545113	26.948530	11.948478	11.859302	26.228443	11.437488	11.030328	25.675722	12.695169	12.369066	29.038261	13.967021	14.498466	33.078117	12.364548	12.333408	32.190784	13.330174	12.540055	30.087210	12.593312	13.030812	31.468859	12.015974	12.103579	31.690731	11.844833	11.738365	35.737396	11.632730	19.324125	36.512642	14.146793	15.292650	38.690098	13.560513	13.353619	37.606255
nonnative2009	37.722660	36.072487	81.866463	38.264740	35.527946	83.189537	34.447964	34.850567	59.905628	34.300804	34.658756	72.493660	34.184467	34.435444	83.399796	37.730621	37.010471	81.752823	38.835663	41.071651	78.883522	35.662022	36.087242	85.625725	39.298042	36.014526	101.838356	34.907818	34.223976	97.416237	36.073009	34.563286	68.480988	34.593777	34.550632	78.329208	35.539497	36.512646	91.711517	44.822803	41.294041	77.474510	38.246956	38.394901	75.850334
all2011	17.895525	18.909628	33.072628	15.498369	18.047504	32.312557	13.197899	15.283835	34.819363	13.613861	15.755776	33.657394	13.924074	13.958112	33.466103	13.590073	14.546017	37.167664	15.921345	17.139576	39.863552	13.976164	16.156691	38.802677	15.851887	15.249267	36.954769	14.170010	15.237778	37.736217	14.148099	14.948302	40.147766	14.282084	14.566298	44.303520	14.442662	14.146793	44.822807	26.736137	15.301063	45.495281	15.490433	15.137737	45.156517
native2011	17.129660	19.409824	30.641220	15.425084	17.383904	31.875481	12.258537	14.370877	32.341373	13.056159	15.022057	32.270267	13.248789	14.510422	31.678383	13.893245	14.664105	33.298378	14.998253	17.011005	37.802814	13.192760	14.614805	37.389782	14.917952	16.082695	35.977707	14.446773	16.462395	36.472092	13.374144	14.360262	38.659168	13.845755	14.560469	40.680225	15.482163	15.292651	41.294044	15.301063	27.189407	42.181591	14.377887	14.812480	42.977962
nonnative2011	39.656479	38.741501	86.423630	38.870556	38.701756	86.182564	36.276253	36.975586	63.615246	36.535046	37.423275	75.520294	36.967842	35.364376	86.893150	37.581863	37.894787	87.616173	41.428596	43.181419	81.898422	37.666813	39.730347	89.706253	41.426739	39.547512	104.970345	36.743866	36.879780	100.135887	36.946545	37.956455	74.246948	35.605236	36.353954	85.514412	37.977600	38.690098	77.474518	45.495285	42.181591	115.500809	40.524952	40.689110	94.522957
all2013	16.228752	17.938660	28.949455	13.768062	16.091959	29.253328	11.899130	13.544976	29.977736	12.483839	13.253711	29.152241	11.442474	12.353599	27.877716	12.422243	12.635470	31.569464	14.084779	15.906441	35.540794	12.216548	14.231383	33.881649	14.295326	13.734522	32.043873	13.013714	14.784944	32.476795	12.636220	13.646945	34.686592	12.396291	12.793568	37.780186	12.395958	13.560513	38.246956	15.490431	14.377885	40.524952	22.888763	12.254435	40.649487
native2013	15.932867	17.094753	27.644251	13.780074	15.636418	29.377903	11.675526	12.514727	30.694218	11.758606	13.154845	28.595272	10.762818	11.354315	28.946033	12.586343	12.783285	31.252314	14.602721	14.832253	36.623501	12.536295	13.423646	34.618332	13.519717	13.478092	32.314796	13.095555	14.686269	32.432186	10.979260	12.081361	35.370750	11.451821	13.111655	37.089390	12.485137	13.353619	38.394901	15.137736	14.812477	40.689102	12.254433	22.009502	40.945450
nonnative2013	39.422352	37.944363	87.388565	37.974884	36.573124	87.664917	35.141186	36.503483	64.613167	35.534203	35.080299	75.923843	34.842087	34.929245	91.662262	37.125443	38.173275	90.231277	39.668556	41.914543	84.206772	38.157402	36.798923	96.977318	38.983204	37.317818	109.860703	36.094307	35.785889	105.421150	36.393242	36.644596	78.265190	35.606575	35.154438	88.654083	36.289753	37.606255	75.850334	45.156517	42.977962	94.522957	40.649483	40.945450	84.513939

#NTIComdistNT
.	all1985	native1985	nonnative1985	all1986	native1986	nonnative1986	all1988	native1988	nonnative1988	all1989	native1989	nonnative1989	all1991	native1991	nonnative1991	all1993	native1993	nonnative1993	all1995	native1995	nonnative1995	all1998	native1998	nonnative1998	all2000	native2000	nonnative2000	all2003	native2003	nonnative2003	all2005	native2005	nonnative2005	all2007	native2007	nonnative2007	all2009	native2009	nonnative2009	all2011	native2011	nonnative2011	all2013	native2013	nonnative2013
all1985	1.024904	2.991403	2.194009	2.805544	2.354589	2.076537	2.726756	2.100110	2.175399	2.644326	1.907044	2.332613	2.433443	1.821562	2.270411	2.303910	1.499680	2.715238	1.928400	1.270376	2.537928	2.067088	1.487641	2.773184	1.796681	1.147824	2.746162	2.082820	1.416121	2.132697	1.396965	0.796332	2.466190	1.693463	1.092524	2.731190	1.507919	0.989072	2.789825	0.931677	0.508271	3.138690	0.713130	0.228711	3.098593
native1985	2.991403	0.869326	-0.034923	2.251212	3.078156	-0.170102	2.783684	2.879734	0.194922	2.410481	2.643413	0.427967	2.610001	2.789352	0.382679	2.200082	2.262183	0.961578	1.995200	2.021086	0.979531	2.348204	2.406683	1.260292	1.901237	2.223061	0.839404	2.159420	2.562594	0.454277	1.741469	1.804024	1.101248	1.885187	2.097132	1.570955	1.847548	1.934244	1.445654	1.076027	1.137988	1.614609	0.870863	0.895973	2.187218
nonnative1985	2.194010	-0.034921	1.180566	2.293323	0.569499	1.990682	2.576157	0.993496	1.982981	2.902369	1.194186	2.000755	2.293892	0.916060	1.658787	2.414127	0.711423	1.915737	2.167418	0.684409	2.077301	2.077967	0.773236	1.725164	1.770901	0.212417	1.812771	1.736308	0.233996	1.599830	1.910903	0.540713	1.668041	2.106815	0.750464	1.778312	1.807866	0.748649	1.788171	1.562556	0.722679	1.918961	1.687993	0.715109	1.661347
all1986	2.805544	2.251212	2.293323	0.923660	2.780904	2.215932	3.375543	2.715427	2.370281	3.307242	2.620563	2.561143	2.961905	2.412505	2.539560	3.179522	2.289619	2.914588	2.809757	2.079511	2.676571	2.717904	2.059564	2.986415	2.562829	2.039276	2.932332	2.638951	2.128855	2.580873	2.140449	1.481397	2.888858	2.122506	1.571447	2.892679	2.110535	1.652262	2.902737	1.863021	1.476175	3.317519	1.694610	1.237255	3.342432
native1986	2.354588	3.078156	0.569497	2.780904	0.478906	0.096894	2.982572	3.445455	0.508411	3.075878	3.319731	0.803870	2.966119	3.457251	0.974589	3.043900	3.231045	1.299891	2.460763	2.697266	1.191771	2.660649	2.657786	1.632654	2.463283	2.824066	1.362185	2.264719	2.804258	0.860631	2.156888	2.279150	1.694537	2.110291	2.298892	1.733905	2.184166	2.204786	1.718253	1.729960	1.861271	1.969859	1.678115	1.756881	2.631533
nonnative1986	2.076537	-0.170102	1.990682	2.215932	0.096897	1.399363	2.118707	0.286491	2.192435	2.133761	0.368680	2.093945	1.987312	0.334726	1.771238	1.831136	0.040600	1.893486	1.867296	0.200166	2.195832	1.941696	0.556848	1.812047	1.772516	0.142175	1.811672	1.379892	-0.447887	1.881934	1.129991	-0.325336	1.642716	1.059272	-0.426230	1.919109	1.330356	0.090550	1.928758	1.406469	0.441473	2.016999	1.278791	0.185209	1.653060
all1988	2.726756	2.783685	2.576157	3.375543	2.982573	2.118708	1.796232	2.686856	2.508053	3.204596	3.100176	2.837287	3.226012	3.117804	3.097958	3.196748	2.847137	3.313776	2.816290	2.410718	2.815388	2.902873	2.567196	3.379533	2.661633	2.572149	3.226826	2.822335	2.747687	2.709396	2.644662	2.342389	3.273168	2.704647	2.497166	3.124548	2.566786	2.220503	3.032980	2.177371	2.115665	3.368032	2.085157	1.909665	3.692604
native1988	2.100111	2.879734	0.993498	2.715427	3.445455	0.286495	2.686856	1.329380	0.710503	2.235779	3.140515	1.136620	2.963246	3.346626	1.308255	2.634392	2.991751	1.638342	2.499525	2.658030	1.273444	2.640344	2.809833	1.911633	2.193987	2.820612	1.594955	2.326717	2.882990	0.940357	2.477026	2.769015	1.997407	2.541620	2.814486	1.904964	2.583062	2.525823	1.742903	2.042507	2.202371	2.046108	2.067089	2.255199	2.823460
nonnative1988	2.175399	0.194922	1.982981	2.370281	0.508413	2.192435	2.508051	0.710499	1.856098	2.419121	0.853316	2.449732	2.109005	0.805738	2.083438	2.051188	0.485920	2.229728	1.995935	0.508585	2.592535	2.070837	0.942180	2.308259	1.875634	0.591134	1.796241	1.536693	0.022867	1.900668	1.294300	0.112288	2.058813	1.257190	0.049781	2.538362	1.462076	0.482562	2.535366	1.419587	0.733000	2.629246	1.376788	0.484394	2.170169
all1989	2.644327	2.410481	2.902369	3.307241	3.075879	2.133762	3.204595	2.235779	2.419121	1.758285	2.755507	3.143057	2.836342	2.530760	3.234009	2.690842	2.200390	3.458779	1.941095	1.495875	2.837804	2.254184	1.909874	3.493471	1.928098	1.643443	3.355828	2.297380	1.963422	2.713711	2.398477	1.967980	3.514213	2.804466	2.531470	3.029316	2.343154	1.890883	3.093575	2.033002	1.809787	3.391830	1.942679	1.731241	3.758184
native1989	1.907043	2.643412	1.194185	2.620563	3.319731	0.368679	3.100176	3.140514	0.853315	2.755507	1.483080	1.545930	2.309984	3.047100	1.474155	2.375662	2.927501	1.971144	1.778792	1.835932	1.469732	2.188676	2.420215	2.092772	1.636404	2.007667	1.751332	1.868861	2.413539	0.890128	2.332222	2.441336	2.216276	2.833339	3.019148	1.887691	2.270385	2.431433	1.801201	1.862876	1.995997	2.029757	1.922238	1.998160	3.023037
nonnative1989	2.332613	0.427967	2.000755	2.561143	0.803871	2.093945	2.837286	1.136617	2.449732	3.143057	1.545929	1.550494	2.989531	1.505602	2.067602	2.751451	1.092151	2.199816	2.431125	0.886181	2.366545	2.545313	1.287735	2.173982	2.210060	0.812585	1.826880	2.455538	0.878610	1.888531	2.622905	1.112377	1.993263	2.746107	1.397754	2.137884	2.618912	1.280767	2.166739	1.998636	1.169634	2.260960	2.257179	1.236601	1.915454
all1991	2.433443	2.610000	2.293891	2.961905	2.966120	1.987312	3.226012	2.963246	2.109005	2.836342	2.309984	2.989532	2.179005	2.880593	3.271913	3.089787	2.760005	3.336282	2.823225	2.448707	2.778174	3.183493	2.857243	3.519963	2.999496	2.680989	3.423349	3.208133	3.026110	2.863472	2.878465	2.482094	3.586933	3.044957	2.733215	3.177792	2.895020	2.548029	3.175830	2.226114	2.131042	3.440097	2.419532	2.349763	3.792524
native1991	1.821563	2.789352	0.916061	2.412506	3.457251	0.334729	3.117803	3.346626	0.805741	2.530760	3.047100	1.505604	2.880594	1.911957	1.528541	2.536897	3.125414	1.950834	2.649297	2.805253	1.627455	2.998699	3.122841	2.112221	2.401752	3.064951	1.761777	2.639098	3.372427	1.103428	2.877988	2.980426	2.249397	2.966902	3.095771	2.053845	2.950764	3.086137	1.898202	2.297970	2.338871	2.262256	2.398396	2.631253	2.875901
nonnative1991	2.270412	0.382681	1.658786	2.539561	0.974591	1.771238	3.097958	1.308253	2.083438	3.234009	1.474156	2.067602	3.271912	1.528540	1.259209	2.773754	1.218462	1.931789	2.379716	0.901099	2.024566	2.853527	1.531811	1.905124	2.501184	1.076447	1.668018	2.822445	1.046170	1.669519	2.869417	1.179899	1.815145	2.872260	1.278058	1.936770	2.466351	1.238983	1.887406	2.021029	1.116024	2.002785	2.351111	1.106140	1.770672
all1993	2.303909	2.200082	2.414126	3.179522	3.043900	1.831136	3.196747	2.634392	2.051187	2.690843	2.375662	2.751451	3.089787	2.536897	2.773753	1.828253	2.721603	3.121241	2.844125	2.649481	2.613040	3.200673	2.717013	3.121311	2.875135	2.823637	3.010249	3.146452	3.049618	2.127181	3.077444	2.914122	2.943251	3.036128	2.830301	2.885825	2.960719	2.628467	2.720227	2.543772	2.356735	3.206783	2.614320	2.442848	3.504717
native1993	1.499679	2.262182	0.711422	2.289620	3.231045	0.040599	2.847137	2.991750	0.485918	2.200390	2.927500	1.092151	2.760005	3.125414	1.218462	2.721603	1.736949	1.523956	2.357474	2.857792	1.202477	2.888564	2.987974	1.667938	2.459795	3.045352	1.381731	2.531332	3.253050	0.657923	3.040602	3.110105	1.831890	3.041296	3.336279	1.696716	2.973955	3.094793	1.587363	2.519959	2.564732	1.872705	2.741937	2.781994	2.615764
nonnative1993	2.715239	0.961577	1.915737	2.914587	1.299891	1.893486	3.313775	1.638339	2.229728	3.458779	1.971145	2.199816	3.336282	1.950831	1.931789	3.121240	1.523955	1.301589	2.588886	1.308653	2.153584	2.923350	1.701405	2.068377	2.626865	1.225047	1.775376	2.835765	1.349802	1.641262	2.987854	1.512897	1.857358	3.113366	1.760413	2.094090	2.726924	1.619204	1.975490	2.230495	1.483156	2.017331	2.574302	1.483741	1.821628
all1995	1.928400	1.995199	2.167417	2.809756	2.460763	1.867294	2.816290	2.499524	1.995933	1.941094	1.778791	2.431124	2.823225	2.649297	2.379714	2.844125	2.357474	2.588885	1.121250	2.189475	2.508238	3.127428	2.820216	2.915635	2.778146	2.733291	2.758812	2.897981	2.768189	2.091691	3.021033	2.657986	2.768256	2.717430	2.723639	2.708686	2.831143	2.586226	2.754591	2.382563	2.340614	3.017517	2.459362	2.250705	3.197472
native1995	1.270378	2.021088	0.684412	2.079512	2.697267	0.200171	2.410717	2.658030	0.508589	1.495876	1.835933	0.886185	2.448707	2.805252	0.901103	2.649481	2.857793	1.308656	2.189475	1.056620	1.161597	2.368345	2.809857	1.521807	2.187807	2.726790	1.363101	2.412394	2.993403	0.852514	2.737961	2.777044	1.763767	2.713548	3.003226	1.587789	2.814131	2.794929	1.620388	2.229508	2.326890	1.890689	2.314140	2.538418	2.426387
nonnative1995	2.537928	0.979531	2.077301	2.676570	1.191772	2.195832	2.815387	1.273440	2.592535	2.837804	1.469732	2.366545	2.778173	1.627452	2.024566	2.613039	1.202477	2.153584	2.508239	1.161595	1.805165	2.789469	1.681171	2.151938	2.674420	1.338883	1.887151	2.371782	0.898487	1.779974	2.246380	0.974031	1.847429	2.251396	0.945341	2.254246	2.246554	1.248170	2.121335	2.132525	1.357356	2.165733	2.160131	1.157761	1.768186
all1998	2.067087	2.348205	2.077965	2.717903	2.660649	1.941695	2.902872	2.640342	2.070836	2.254182	2.188675	2.545311	3.183494	2.998698	2.853525	3.200673	2.888563	2.923349	3.127428	2.368345	2.789467	2.448642	2.892379	3.088681	3.138571	3.046879	3.156682	3.340688	3.264183	2.441792	2.937222	2.879987	3.115887	3.242204	3.071778	3.159327	3.158495	2.940362	3.116391	2.592556	2.640974	3.414197	2.786499	2.612858	3.350284
native1998	1.487640	2.406683	0.773234	2.059564	2.657786	0.556846	2.567196	2.809833	0.942178	1.909874	2.420216	1.287733	2.857243	3.122840	1.531808	2.717012	2.987974	1.701404	2.820217	2.809857	1.681169	2.892379	2.267922	1.795743	2.401613	3.187165	1.642036	3.027148	3.577251	1.251724	3.164685	3.110732	2.057705	3.250365	3.193055	2.054424	3.225883	3.253484	2.079704	2.372292	2.682907	2.186487	2.529307	2.710202	2.756114
nonnative1998	2.773184	1.260293	1.725164	2.986415	1.632657	1.812047	3.379532	1.911631	2.308258	3.493470	2.092773	2.173982	3.519963	2.112220	1.905124	3.121312	1.667938	2.068377	2.915636	1.521804	2.151938	3.088682	1.795746	1.441602	2.874693	1.421520	1.734076	2.971707	1.459497	1.705617	3.067300	1.551707	1.962918	3.223563	1.777027	2.088372	2.865649	1.692517	1.860139	2.422648	1.518515	1.993446	2.704499	1.537009	1.666430
all2000	1.796682	1.901237	1.770902	2.562830	2.463284	1.772516	2.661632	2.193986	1.875636	1.928099	1.636405	2.210061	2.999495	2.401751	2.501184	2.875135	2.459795	2.626866	2.778147	2.187807	2.674421	3.138571	2.401613	2.874694	1.990358	2.450630	2.824888	2.934519	2.866773	2.454428	2.718570	2.268671	2.843037	2.939556	2.400687	2.939542	2.776314	2.406830	2.893295	2.197155	1.983497	3.183366	2.215380	1.928118	3.297126
native2000	1.147824	2.223062	0.212416	2.039277	2.824065	0.142176	2.572148	2.820612	0.591134	1.643443	2.007667	0.812585	2.680989	3.064952	1.076446	2.823637	3.045354	1.225047	2.733292	2.726790	1.338883	3.046880	3.187166	1.421520	2.450630	2.038090	1.141696	2.511255	3.350904	0.967475	2.869057	2.993231	1.663052	2.867651	3.245745	1.791623	3.008853	3.079850	1.725138	2.325675	2.297646	1.931020	2.370440	2.463642	2.377653
nonnative2000	2.746162	0.839404	1.812771	2.932332	1.362186	1.811672	3.226826	1.594953	1.796241	3.355828	1.751332	1.826880	3.423350	1.761774	1.668018	3.010249	1.381731	1.775376	2.758813	1.363097	1.887151	3.156683	1.642037	1.734076	2.824887	1.141695	1.369142	3.071618	1.176054	1.781325	3.105944	1.334059	1.575507	3.335324	1.535149	1.732014	2.931772	1.552020	1.569019	2.477624	1.397938	1.751717	2.755606	1.441062	1.467272
all2003	2.082822	2.159421	1.736310	2.638952	2.264721	1.379895	2.822335	2.326717	1.536695	2.297381	1.868862	2.455539	3.208133	2.639098	2.822445	3.146453	2.531333	2.835766	2.897982	2.412394	2.371784	3.340688	3.027149	2.971707	2.934518	2.511255	3.071618	1.303339	3.036432	2.431793	3.436679	2.932623	3.137107	3.157770	2.939257	2.676440	3.329546	2.895833	2.785034	2.812600	2.428296	3.153594	2.676297	2.350029	3.333844
native2003	1.416122	2.562594	0.233997	2.128855	2.804259	-0.447886	2.747686	2.882990	0.022869	1.963421	2.413540	0.878613	3.026110	3.372428	1.046172	3.049617	3.253051	1.349803	2.768190	2.993404	0.898489	3.264183	3.577250	1.459498	2.866772	3.350904	1.176056	3.036433	1.639255	0.612476	3.078861	3.390550	1.915414	3.296532	3.450471	1.437764	3.327899	3.424694	1.381582	2.717669	2.564063	1.640692	2.615128	2.607764	2.449847
nonnative2003	2.132699	0.454277	1.599830	2.580873	0.860632	1.881933	2.709395	0.940353	1.900668	2.713711	0.890128	1.888531	2.863472	1.103427	1.669519	2.127181	0.657922	1.641261	2.091692	0.852511	1.779974	2.441793	1.251727	1.705617	2.454427	0.967475	1.781325	2.431791	0.612475	0.590669	2.241502	0.687250	1.568489	1.808429	0.454925	1.744949	2.373034	1.133172	1.709814	2.227021	1.334107	1.901248	2.239900	1.111123	1.431941
all2005	1.396966	1.741469	1.910902	2.140448	2.156888	1.129991	2.644661	2.477025	1.294300	2.398476	2.332220	2.622902	2.878466	2.877987	2.869416	3.077444	3.040602	2.987854	3.021034	2.737961	2.246380	2.937222	3.164685	3.067300	2.718570	2.869057	3.105944	3.436679	3.078862	2.241503	1.735956	2.843211	3.323216	3.403037	3.260328	2.553858	3.268508	2.958523	2.515393	2.539509	2.631409	2.976496	2.570397	2.869392	3.333599
native2005	0.796331	1.804024	0.540711	1.481397	2.279151	-0.325336	2.342389	2.769014	0.112288	1.967980	2.441336	1.112377	2.482094	2.980427	1.179898	2.914122	3.110105	1.512897	2.657986	2.777043	0.974030	2.879987	3.110731	1.551706	2.268671	2.993231	1.334059	2.932622	3.390550	0.687251	2.843212	1.656897	2.028722	2.889317	3.373640	1.418986	3.142175	3.147542	1.425767	2.416618	2.616112	1.630122	2.480997	2.859246	2.554262
nonnative2005	2.466191	1.101248	1.668041	2.888859	1.694538	1.642716	3.273167	1.997405	2.058813	3.514212	2.216274	1.993263	3.586933	2.249396	1.815145	2.943251	1.831890	1.857357	2.768257	1.763765	1.847429	3.115888	2.057707	1.962918	2.843036	1.663052	1.575507	3.137106	1.915413	1.568489	3.323215	2.028722	0.246868	3.069677	2.142410	1.964654	3.212401	2.283305	2.092613	2.700170	2.053222	2.183307	3.033827	2.132614	1.917853
all2007	1.693464	1.885187	2.106815	2.122508	2.110291	1.059273	2.704647	2.541620	1.257191	2.804466	2.833339	2.746108	3.044957	2.966902	2.872260	3.036129	3.041296	3.113366	2.717431	2.713548	2.251397	3.242205	3.250365	3.223563	2.939555	2.867651	3.335325	3.157769	3.296532	1.808428	3.403037	2.889316	3.069678	2.023077	3.026790	2.558372	3.104088	3.162668	2.528586	2.593255	2.597500	2.950640	2.717519	2.863708	3.496745
native2007	1.092523	2.097131	0.750462	1.571447	2.298892	-0.426232	2.497166	2.814485	0.049779	2.531469	3.019148	1.397753	2.733215	3.095770	1.278056	2.830301	3.336280	1.760412	2.723639	3.003225	0.945341	3.071778	3.193055	1.777026	2.400686	3.245745	1.535149	2.939256	3.450472	0.454923	3.260329	3.373640	2.142409	3.026790	2.057452	1.447950	2.777583	3.305192	1.334564	2.603327	2.624660	1.606868	2.734664	2.698444	2.772677
nonnative2007	2.731190	1.570956	1.778313	2.892679	1.733906	1.919109	3.124547	1.904962	2.538362	3.029316	1.887691	2.137884	3.177792	2.053843	1.936770	2.885825	1.696716	2.094090	2.708687	1.587787	2.254246	3.159328	2.054425	2.088371	2.939540	1.791623	1.732014	2.676439	1.437763	1.744949	2.553858	1.418986	1.964654	2.558372	1.447952	1.042630	2.584271	1.702141	2.111822	2.252867	1.673067	2.071212	2.440560	1.592026	1.783671
all2009	1.507920	1.847549	1.807866	2.110535	2.184168	1.330357	2.566786	2.583062	1.462076	2.343154	2.270384	2.618913	2.895020	2.950764	2.466351	2.960718	2.973956	2.726925	2.831143	2.814131	2.246555	3.158495	3.225882	2.865649	2.776314	3.008853	2.931773	3.329547	3.327900	2.373034	3.268509	3.142175	3.212401	3.104089	2.777583	2.584270	1.884322	2.932071	2.661417	2.762368	2.659730	2.970881	2.989710	2.979299	3.301696
native2009	0.989071	1.934244	0.748646	1.652261	2.204786	0.090549	2.220501	2.525822	0.482560	1.890883	2.431433	1.280766	2.548028	3.086138	1.238980	2.628466	3.094794	1.619203	2.586226	2.794928	1.248169	2.940362	3.253485	1.692515	2.406829	3.079850	1.552020	2.895831	3.424694	1.133173	2.958523	3.147542	2.283303	3.162668	3.305193	1.702141	2.932072	1.948709	1.629346	2.432456	2.726567	1.912691	2.799428	2.913210	2.536611
nonnative2009	2.789825	1.445654	1.788171	2.902737	1.718254	1.928758	3.032979	1.742899	2.535365	3.093574	1.801202	2.166739	3.175830	1.898200	1.887406	2.720227	1.587362	1.975490	2.754591	1.620385	2.121335	3.116392	2.079706	1.860139	2.893294	1.725138	1.569019	2.785033	1.381581	1.709814	2.515394	1.425767	2.092613	2.528586	1.334566	2.111822	2.661416	1.629347	0.761843	2.333248	1.722549	2.293967	2.510880	1.576069	1.997440
all2011	0.931678	1.076027	1.562556	1.863021	1.729961	1.406470	2.177371	2.042506	1.419588	2.033001	1.862876	1.998636	2.226114	2.297970	2.021029	2.543772	2.519960	2.230496	2.382563	2.229509	2.132525	2.592556	2.372292	2.422648	2.197155	2.325675	2.477625	2.812600	2.717669	2.227020	2.539509	2.416617	2.700170	2.593255	2.603326	2.252867	2.762369	2.432456	2.333249	1.496824	2.513921	2.723472	2.628176	2.739661	2.714314
native2011	0.508271	1.137989	0.722678	1.476176	1.861272	0.441473	2.115664	2.202370	0.733000	1.809787	1.995997	1.169634	2.131042	2.338870	1.116024	2.356736	2.564733	1.483156	2.340615	2.326890	1.357357	2.640974	2.682908	1.518515	1.983496	2.297645	1.397938	2.428295	2.564063	1.334108	2.631409	2.616112	2.053222	2.597500	2.624660	1.673068	2.659730	2.726566	1.722549	2.513920	1.508063	1.974803	2.465939	2.787567	2.296944
nonnative2011	3.138691	1.614609	1.918961	3.317518	1.969861	2.016999	3.368031	2.046105	2.629246	3.391830	2.029757	2.260960	3.440097	2.262253	2.002785	3.206783	1.872705	2.017331	3.017517	1.890686	2.165733	3.414198	2.186489	1.993446	3.183365	1.931020	1.751717	3.153593	1.640690	1.901248	2.976496	1.630121	2.183307	2.950639	1.606870	2.071213	2.970881	1.912692	2.293967	2.723472	1.974803	0.628068	2.838231	1.819983	1.736675
all2013	0.713130	0.870864	1.687994	1.694610	1.678115	1.278792	2.085156	2.067089	1.376789	1.942680	1.922239	2.257179	2.419531	2.398396	2.351110	2.614321	2.741938	2.574302	2.459363	2.314140	2.160132	2.786500	2.529307	2.704500	2.215379	2.370440	2.755606	2.676296	2.615128	2.239901	2.570397	2.480997	3.033828	2.717519	2.734664	2.440561	2.989711	2.799429	2.510882	2.628177	2.465940	2.838232	1.623720	2.773407	3.009814
native2013	0.228712	0.895974	0.715109	1.237256	1.756883	0.185210	1.909664	2.255199	0.484394	1.731242	1.998160	1.236603	2.349763	2.631253	1.106142	2.442848	2.781994	1.483743	2.250705	2.538417	1.157762	2.612859	2.710202	1.537009	1.928118	2.463642	1.441064	2.350029	2.607764	1.111124	2.869392	2.859247	2.132615	2.863708	2.698445	1.592026	2.979300	2.913211	1.576070	2.739660	2.787568	1.819984	2.773407	1.656385	2.309946
nonnative2013	3.098593	2.187219	1.661347	3.342432	2.631534	1.653059	3.692604	2.823458	2.170169	3.758184	3.023037	1.915454	3.792524	2.875900	1.770673	3.504716	2.615765	1.821628	3.197473	2.426385	1.768186	3.350285	2.756115	1.666430	3.297125	2.377651	1.467273	3.333843	2.449846	1.431941	3.333599	2.554262	1.917853	3.496744	2.772678	1.783671	3.301696	2.536612	1.997440	2.714314	2.296944	1.736675	3.009814	2.309945	0.777231
